0.0131826382944
0.0273750535589
0.0531059521517
0.0515291994142
0.0413131303647
0.0241050645253
0.0162106129785
0.00637631405124
0.010424466756
0.0133675219633
0.0243653935405
0.0166970997621
-0.000959386331741
-0.0150074857662
-0.00246636339065
0.00202442018384
0.0115310247255
-0.000968852789836
-0.0123126255596
-0.0197567523442
-0.043753059808
-0.0519940339686
-0.0313629812636
-0.0210952986584
0.00306776846716
-0.0279951971224
-0.0660298143031
-0.0847590652547
-0.103562282499
-0.0901899772829
-0.0690434682215
-0.0397393909917
-0.0243532778303
-0.120446849133
-0.18545730587
-0.206728821502
-0.206955768933
-0.149027576136
-0.11512954294
-0.0761787534313
-0.118562833481
-0.239651286555
-0.249595428547
-0.202279119267
-0.208439018677
-0.183852732871
-0.145914143115
-0.0863287136362
-0.271106531096
-0.258230504421
-0.146948550298
-0.114968252274
-0.179272983351
-0.212789632312
-0.161803407406
-0.0831896757609
-0.381777907019
-0.135633605702
-0.0634725415123
-0.0859434961787
-0.191601063985
-0.249789927723
-0.191468549464
-0.0823706457105
-0.445129135331
-0.0869485592346
-0.0941859005462
-0.171826219943
-0.246145889841
-0.305019558596
-0.227582676182
-0.0934864091213
-0.458320161304
-0.132872267328
-0.171782200672
-0.21429899407
-0.215875609437
-0.278025254435
-0.264138591177
-0.156345614045
-0.384170987381
-0.176277377741
-0.189602299351
-0.18636585371
-0.132964243769
-0.192783205114
-0.260498456257
-0.243642009314
-0.260723612974
-0.157415252337
-0.142588358857
-0.108526750672
-0.041817401548
-0.0861871401261
-0.15525376685
-0.211872895905
-0.123601717191
-0.0619045737672
-0.0708783688326
-0.039891533811
0.0204429378273
-0.0141369707085
-0.0654570932613
-0.118427015509
-0.0660684794473
-0.032894389836
-0.0220000737684
-0.00153709242975
0.0360157353346
0.0283090574782
-0.0124223748346
-0.0521292530988
-0.0189472992443
-0.00408814221653
0.00980176879014
0.0124993942102
0.0372730932636
0.0453122675553
0.023121366513
-0.00908431192124
0.00214956272666
0.0146722916248
0.030663283323
0.040344181278
0.058524619361
0.0628302541062
0.0369177953767
0.0080093408632
-0.045584072922
-0.035054260152
-0.0161603511307
0.00377093802763
0.0140512611396
0.0171888998966
0.0155469832029
0.00718096052078
-0.0537203193137
-0.0335117676073
-0.0104542377432
0.00602236231738
0.0237441547955
0.0207938214407
0.024645374409
0.0167118891695
-0.058127142436
-0.0279797401688
-0.0107938924998
0.00812121135014
0.0180734790619
0.0150537836893
0.0238314119191
0.0258533400716
-0.0566247759225
-0.0250721059742
-0.0142932571939
0.00279147165752
0.0194753012378
0.0137608299552
0.0247752766109
0.0318237990707
-0.0462294618944
-0.0274996216536
-0.0209659970557
-0.0053422644845
0.0132638719771
0.00899909742446
0.0273773693796
0.0320077399913
-0.0411930873854
-0.0267454006507
-0.0209103867679
-0.00687786745889
0.0158599688165
0.00561434278098
0.0204577459369
0.0230623915334
-0.0313867910982
-0.0256676534731
-0.0309897327672
-0.0169123678283
0.0090666915839
-0.00838842089696
0.0120680864491
0.0158858332685
-0.0213466611327
-0.0377076924783
-0.0413690537827
-0.0240301036813
0.00727340650947
-0.0242607223007
-0.0081494991324
0.00142616406486
-0.00664083611709
-0.0537362427954
-0.0587180524178
-0.0326865981833
-0.0127890483639
-0.0431204759678
-0.0395965017711
-0.0282888507074
0.000884375728079
-0.0592019200593
-0.0785507200793
-0.0597905473022
-0.0221249811854
-0.0445767343307
-0.0528312262805
-0.0597192285369
0.00576628597339
-0.0711831070818
-0.100668038886
-0.0535539495097
0.00181882795019
-0.0242268878305
-0.0516374458643
-0.0882469431117
0.0101503808334
-0.0726256278349
-0.0967866519913
-0.0443215773731
0.00750968511953
-0.00364975358631
-0.0613864538633
-0.104915101929
0.00841847277754
-0.0609879098915
-0.0727802794209
-0.0262589328867
0.0131879763967
-0.00789983960375
-0.0716622055517
-0.0908697649968
-0.00572504260837
-0.0472613121908
-0.0550395956055
-0.0111877802771
0.00207608690873
-0.0221076244862
-0.0747547210924
-0.0626665807146
-0.0259291161463
-0.0506433501955
-0.0506249813071
-0.0248446101235
-0.0358195349929
-0.0552314811945
-0.072288592413
-0.0286503677825
-0.0304652475619
-0.0657497007765
-0.077918399987
-0.084517028925
-0.0760494951927
-0.0544545273026
-0.0314948452182
-0.00238395426431
0.00324601729422
0.0137390288417
0.0097627517471
0.0102072888718
0.0144986102652
0.0139011326865
0.0135213824414
-0.000990911153248
0.00355619762457
0.00996484891605
0.00641203180265
-0.00400188128353
-0.0106554387813
-0.0191810620658
-0.000387929632151
-0.0108041999286
0.00324627735664
-0.00239937940467
-0.0136733864549
-0.0324712592428
-0.0452163900845
-0.0399684837268
-0.0103183029409
-0.0201166289853
-0.00968295855469
-0.0280323510456
-0.0446986066965
-0.0548073957522
-0.0610828749714
-0.0348152404364
-0.00777679236802
-0.020250931182
-0.0294236356671
-0.0743782050719
-0.0868133936637
-0.0787362014934
-0.0603195436097
-0.0185532242328
-0.000261477149089
-0.0189181236231
-0.0908902949271
-0.117310049022
-0.0635607053358
-0.0324166926742
-0.0150035594202
0.0199487556927
0.0258004103912
0.00661427555221
-0.155147680274
-0.087308541013
-0.000838764525193
0.00888539436501
0.024223852969
0.0358088287143
0.0274580176288
0.0223766922746
-0.198390802145
-0.0267332769992
0.0380113689118
0.0319297494124
0.0403205777589
0.0298010540366
0.0253730416177
0.0234169606694
-0.217145669329
0.0242351617696
0.0407207698872
0.0308008372334
0.0323103146766
0.0223787021069
0.0316495187495
0.0170267309757
-0.222274905928
0.016079089132
0.0178634686562
0.0209823897278
0.0162646110232
0.0085221959469
0.0131755586892
-0.00762170694458
-0.190085423752
-0.0266301912311
-0.0138893025948
0.000640647281585
-0.0116414715214
-0.0196433082451
-0.0165193243314
-0.0287153762747
-0.141021148433
-0.0711276924663
-0.0517781753969
-0.039102829425
-0.0524766209214
-0.0505678905013
-0.0381476929503
-0.031872936575
-0.0786663343434
-0.0679190784373
-0.0696334561233
-0.0539286917333
-0.0544875601316
-0.0431086749735
-0.0307542064803
-0.0257786069742
-0.0308495144998
-0.0350243108141
-0.0544385311143
-0.0523732588654
-0.0382549791331
-0.0196445456217
-0.0109342473336
-0.0138448314843
-0.00293985663855
-0.00160300939994
-0.0208873066085
-0.027399507719
-0.0182240808008
-0.00754117529438
-0.00805797437646
-0.00607540059126
0.00771348097719
0.0213517764619
0.0101509681995
-0.00361606450756
-0.00653002549098
-0.00252097800602
-0.0058082006011
-0.00638651083028
0.0114058568943
0.0275878425728
0.0448816553512
0.036569007857
0.0048209241034
-0.0245190161171
-0.0202035025317
-0.0192911680511
0.0207854639998
0.0284968202203
0.0361030257281
0.0199397704031
0.000330680328979
-0.0237399870748
-0.0236361090744
-0.0250690113078
0.0362801334343
0.0361103378162
0.0381408649277
0.0112378297213
-0.000191394568513
-0.0158564107372
-0.0287346326835
-0.0320043133947
0.0691896849228
0.0500304114255
0.055928666192
0.0292182455683
0.00968642158535
-0.0185405877955
-0.0313139751691
-0.0275659035352
0.142716241662
0.128042626349
0.164390451708
0.167228717668
0.152957775986
0.122540869934
0.0584778063415
0.0298811513364
0.24003581656
0.20143219202
0.198754435379
0.190626605105
0.19765007502
0.151258659783
0.0618583201484
0.0400404465143
0.346320919896
0.220260161476
0.168460241771
0.198258206557
0.246223922927
0.142969567185
0.0803883445669
0.076444420619
0.377589139428
0.198150031003
0.159492813502
0.180376103528
0.219445527448
0.0796774059899
0.0550266714024
0.113816814691
0.333490303399
0.1080379768
0.0860036714066
0.152510089771
0.156356238795
0.0567642180394
0.0141345891753
0.132056618297
0.282427480425
0.122580734205
0.131950210407
0.137800088755
0.116927515454
0.071475437097
0.0347817538531
0.150363303858
0.152570694266
0.105399088461
0.136264131214
0.0893364957333
0.0573820327527
0.0476566500885
0.0757046607639
0.190967972008
0.0341069104852
0.0802462548208
0.127498121455
0.11260794081
0.09672599907
0.0521884729254
0.079439215175
0.129476859308
-0.0722107311199
-0.0148609295994
0.0123688902772
-0.0037203618208
0.00145027041624
-0.0514518462873
-0.0333747110023
0.00775923462632
-0.088712154202
-0.0411822804324
-0.00614559881804
-0.0198701987929
-0.0193477566078
-0.0513946617272
-0.0461413876718
-0.0118496463749
-0.0619917546421
-0.0608486967489
-0.0173462472358
-0.026422930874
-0.0180928888207
-0.0264746315835
-0.0407855574033
-0.0233066056711
-0.0310237664858
-0.0673447329138
-0.0606475195814
-0.0539045734927
-0.0200058470551
-0.00693657372076
-0.01114878165
-0.0173557312401
0.00199120707224
-0.00379802031799
-0.00168744705277
-0.0130683112613
-0.0246671101636
-0.0301545454284
-0.0190148216086
-0.0121066381824
-0.00105912891493
-0.021030557456
-0.0363638325918
-0.0462487662901
-0.0561970828898
-0.050083667279
-0.0262915796337
-0.0316251330228
-0.0148923016505
-0.064492888441
-0.096682409276
-0.109801333128
-0.12344022429
-0.123373188682
-0.0844662476417
-0.0841182774583
-0.0467113503478
-0.135553181661
-0.188470692096
-0.206739516049
-0.213090355968
-0.189258025163
-0.141563448703
-0.162422325605
-0.128282229682
-0.274118076518
-0.313842730188
-0.305901571158
-0.27550796961
-0.232973575744
-0.183622177296
-0.230587073237
-0.285697887388
-0.363544270742
-0.29900084327
-0.225955472197
-0.214332919356
-0.211857458897
-0.195091119041
-0.214760587152
-0.426338802263
-0.37720832378
-0.271762301862
-0.246581763936
-0.271676746619
-0.265982838637
-0.217626922402
-0.147779336193
-0.528938142675
-0.370389603798
-0.325583810883
-0.31562004609
-0.289966540353
-0.206108652576
-0.110388359873
-0.0446219549268
-0.561968238602
-0.309346235864
-0.263215379736
-0.203574616323
-0.13096404071
-0.0614697978086
-0.00552874732217
-0.0145662046168
-0.534132027784
-0.241610097697
-0.143491368974
-0.0655411579477
-0.0211269706115
0.00184985917722
-0.00570680489405
-0.0542959086171
-0.46122291605
-0.300467545992
-0.183921146527
-0.121789264785
-0.0798425641516
-0.0757271967127
-0.102346860826
-0.147503569245
-0.299623948597
-0.276964264165
-0.23402715686
-0.221085694542
-0.190371598693
-0.179871697617
-0.175095032088
-0.171426198704
-0.148578750182
-0.19903079081
-0.194083263929
-0.192562012754
-0.168512283716
-0.155856993487
-0.140932346616
-0.118660180528
-0.0404265710058
-0.0873788488476
-0.105412773397
-0.116152998467
-0.111392490267
-0.0945632661905
-0.0806720825388
-0.0630426013956
-0.00162888368114
-0.0189074677914
-0.0504259889329
-0.0513500235527
-0.0372412650899
-0.0279534045839
-0.0319450884104
-0.0279889975106
0.00382002550116
0.00968824959104
-0.00279207122251
-0.0132355002536
-0.0148664018471
-0.0117054535347
-0.0240491829675
-0.0186286963725
0.0249939082716
0.00411348397758
-0.0095050012906
-0.0241071605003
-0.0393220867973
-0.0450378126192
-0.0413590369034
-0.0172875238791
0.0373069810043
0.0016159234996
-0.0180096271015
-0.0260883646
-0.0258421348107
-0.0286577276208
-0.0397093945259
-0.0345757873592
0.0546935745955
0.00602120376547
-0.0180635847289
-0.0262948140225
-0.0129468101453
-0.00203968032746
-0.0182549984405
-0.0228921986893
0.0647373958596
0.00105185667574
-0.0187534024871
-0.0142591981546
0.0178083470902
0.0274310749263
0.0180992343947
0.0101185908536
0.0869441858686
0.00806300505653
-0.00459507011264
0.0129632637694
0.0267818784907
0.0211575511408
0.0232570502332
0.0308372535315
0.0997336047512
0.0226443015076
0.0322221969357
0.0346660249039
0.0375957416072
0.0358952166909
0.0349135857935
0.0455230654502
0.125647451396
0.0640994334312
0.0449639923232
0.014682532072
0.0293683985182
0.0387988421339
0.0381391046516
0.0513202163579
0.116258935669
0.0552000773402
0.0281239966979
0.00975046155089
0.0218738453721
0.0192939351084
0.0318943016004
0.0511046414816
0.098283242681
0.0604045279758
0.0209647641386
0.011191192274
0.0285333002539
0.0313458984609
0.0457590492774
0.0531949951293
0.0889092423014
0.0723236034945
0.00743859588509
-0.00939870022327
0.0118248053308
0.0249575406764
0.0592296586615
0.0729753981381
0.0833772817515
0.0890093749103
0.0176973773196
-0.000572917686986
0.019374287699
0.0181147108334
0.0433830754584
0.0794365793074
0.0616222610228
0.0718243272842
0.0177071743494
-0.0141061861407
0.0108545421868
0.0126115143274
0.024846350669
0.0632934007201
0.0465767267301
0.046377303002
0.0229723930938
-0.00551478713499
0.0191458561281
0.026069804359
0.0390563266479
0.0653612936462
0.028440315829
0.0229794407828
0.010022345971
-0.0209767528342
0.00104513531165
0.0153960223332
0.0292247923362
0.0499253778352
0.0166044025236
0.01333489361
0.0048510373551
-0.017742166137
-0.00238172674365
0.00445527087794
0.0198166201049
0.0326529274157
0.0108655857931
0.00850357632015
-0.000543663929818
-0.0126926504594
-0.00832940398889
-0.000711622460781
0.00585604472522
0.0182030951388
-0.00748230552625
-0.0383993207391
-0.0976765192454
-0.143768126609
-0.155219733053
-0.132890942274
-0.0934424352611
-0.0332698093724
-0.03227812954
-0.0810496203946
-0.120113261386
-0.105851977342
-0.103564784048
-0.113217292351
-0.103984925224
-0.0524573426405
-0.0563389129417
-0.110232894008
-0.129267941793
-0.0998812706797
-0.112350753155
-0.141165146429
-0.11718506032
-0.059648773524
-0.077881988069
-0.110298898414
-0.119780908963
-0.110418372412
-0.126087439232
-0.161340482859
-0.125328296478
-0.0609688871464
-0.0741849398488
-0.0862948891806
-0.0952562245562
-0.0907622368474
-0.111415490267
-0.157885503289
-0.116381494652
-0.0545099771441
-0.0394842615775
-0.0413859152171
-0.0658736693022
-0.0831263746199
-0.0997415627369
-0.14218837018
-0.145219768036
-0.0599250339651
0.00424940821228
-0.0171380553896
-0.0540807114488
-0.0590201396352
-0.0613760543098
-0.111090358653
-0.146599665045
-0.0748641329973
0.0441754071868
0.00683064783479
-0.0190231645218
-0.0205243343942
-0.0303150232962
-0.0838162499907
-0.142511688475
-0.0860744098796
0.0490821603945
0.000765512521371
-0.0142088847359
-0.00816266462669
-0.0250986348833
-0.0714373271118
-0.131483568583
-0.103649825264
0.0407751994244
-0.00144476140999
-0.0136603347942
-0.0103017016095
-0.016338020149
-0.0546331499169
-0.112611912893
-0.113389391356
0.0182171757465
0.00851343681132
-0.00850229870622
-0.00312103453146
-0.0168582152458
-0.0472744334149
-0.0959347722265
-0.112950356053
-0.0227516144216
-0.0135343344131
0.00694375807646
0.0232470136595
0.000325599640699
-0.0304637955921
-0.0820521585299
-0.117682389376
-0.0523440445469
-0.0487342037349
-0.0311887445192
-0.0125219956843
-0.03641169391
-0.0551500140737
-0.107441537393
-0.129573319041
-0.0695591181884
-0.0752837745453
-0.047623564519
-0.0355255294812
-0.0693116413581
-0.0828777607359
-0.125090589008
-0.105598234847
-0.0550459364333
-0.0961276703836
-0.0849726132764
-0.0700274722972
-0.0873137843169
-0.0946822535473
-0.109359613099
-0.0651831627827
-0.0440242753466
-0.10852436438
-0.152011568099
-0.163339206853
-0.154191274654
-0.122585442451
-0.0831666678677
-0.0287222974245
-0.0249044456723
-0.0137362408767
0.00526380845376
0.0208305458971
0.0157604153028
0.0160912323985
0.0067281844622
0.00121201262742
-0.0368732723897
-0.0140328367159
0.000702267615025
0.0163515881212
0.0128899731055
0.0164722884263
0.00798654520873
0.00566138147509
-0.0433125356673
-0.0107199355929
0.00580814999412
0.0184403712954
0.0206791462578
0.0241840506977
0.0118386483669
0.0105861138363
-0.0444048786911
-0.0113227509397
0.00321872298466
0.0216517568961
0.0283047831755
0.0258107976989
0.0216639601933
0.013648176729
-0.0418380216625
-0.014056733457
0.00545316146796
0.0378170825563
0.0530426237057
0.0403291988053
0.0363974685093
0.0215856124101
-0.0276520987598
-0.00898469333415
0.0168866932446
0.041508249568
0.052444459161
0.0390398505871
0.0317608220922
0.0268349237384
-0.0192632740438
-0.00446256544425
0.0199775671025
0.0245828896046
0.0321942503534
0.0210671763862
0.0230327830231
0.0321428803534
-0.00495982665556
-0.00633130317458
0.00229358691626
0.00676521915951
0.0120191214339
-0.00120674559901
0.00391907032105
0.033385780985
-0.000479827151586
-0.0201717778118
-0.0240985731832
-0.0152540421163
-0.0116363682203
-0.0124119633088
-0.0096297146284
0.0310814976378
0.00401388341431
-0.0199660055277
-0.0362096859829
-0.0178944352055
-0.0168152610176
-0.0167770486455
-0.012579103747
0.0281841879684
0.000980386078713
-0.0349273767081
-0.0470173624968
-0.00996142704446
-0.0109517733698
-0.00611268445245
-0.0231402170333
0.0113453029692
-0.00106930146036
-0.0421762319969
-0.0330015608099
0.00756085073383
0.00288912041957
0.00586305685897
-0.0335107822102
-0.0124221428106
-0.0101618994813
-0.0481036917679
-0.0318567498365
0.00292923612129
0.00686953176119
0.00638599053694
-0.0323590926959
-0.0294511035604
-0.014770547257
-0.0423553374957
-0.0224563365362
0.0191904330114
0.0222624394901
0.00610596147392
-0.0252414993078
-0.0379566610263
-0.0131523796185
-0.0331918094591
-0.0120192226767
0.0214530318648
0.0216881303904
0.000118683882657
-0.0222284642167
-0.035700461841
-0.00677549358924
-0.0131680147793
0.00720792300359
0.026267945193
0.0252872376559
0.00267397631637
-0.0192558209672
-0.0295330209817
-0.0175407423184
-0.0749430679378
-0.204500372569
-0.279479564884
-0.264090403684
-0.135077439667
-0.042493329022
-0.0076533561208
-0.00348363211274
-0.0163156458357
-0.0765418556868
-0.113313956735
-0.129108622748
-0.0555107180183
-0.0169140610956
0.00119233078079
0.0132699022056
0.0112042638549
-0.0185110216869
-0.041097857821
-0.0652474455518
-0.0170710582524
0.00372137273068
0.0108116410039
0.0371590091656
0.0398159749893
0.0192856824956
0.00973096847511
-0.0141924759964
0.0148525244674
0.0209782982321
0.0188388880117
0.0701710706578
0.0550998575525
0.0320830452844
0.0112700945748
-0.00305841504649
0.0341426949192
0.041261964496
0.037697296836
0.0990806611895
0.0634556303587
0.0318317892849
-0.0248887733066
-0.0496898652681
0.00959062259323
0.02607526655
0.0441485309859
0.125450605338
0.0690158551944
0.010689622269
-0.0714862132574
-0.0917872335375
-0.00210731886625
0.0236515468671
0.0482283593798
0.145576327963
0.0600383766114
0.00947317575054
-0.0966573532514
-0.150519070506
-0.0241197199603
0.021792546141
0.0457947775117
0.151851195518
0.0649022797478
-0.0231174842209
-0.169783397626
-0.207837955922
-0.0292641124399
0.0215933741291
0.0484329894697
0.144244389269
0.0490361492953
-0.0598021208048
-0.209933562577
-0.24568339125
-0.046131293999
0.025071493279
0.0599717673962
0.126942514619
0.0376713744594
-0.0603585845376
-0.224441314767
-0.25485008051
-0.0608692122633
0.0307407988705
0.0755100786455
0.0924361149561
0.0180830763818
-0.0654478901612
-0.210524940952
-0.218515349718
-0.0373224371315
0.0543612108727
0.0764368821136
0.0638256841521
0.0267622628823
-0.0562596039675
-0.180619666914
-0.207612489948
-0.0644099962627
0.00399544716237
0.0300885161325
0.0208764662124
-0.013081138394
-0.0926144486942
-0.18815424778
-0.232153562054
-0.114153247185
-0.0261170655385
0.00399894807783
0.00437842829186
-0.0272171945872
-0.0989547809635
-0.174732618589
-0.234001404923
-0.140363711531
-0.0507929297099
-0.00586231563931
-0.00468252521649
-0.032433874085
-0.102173558
-0.16751054857
-0.249633618891
-0.180260014673
-0.0686861025969
-0.0176948038303
6.57091843032e-07
0.000692044823497
-0.00165812047459
0.00235381253327
0.00972183625815
0.00455569014043
0.00478906825166
0.00426884588844
0.00122541758188
0.00343700719019
0.00559628238888
0.00961505499507
0.0146315725873
0.00623820302321
0.00544982427809
0.00519922049851
0.00353170142291
0.00708934335671
0.00778739632401
0.0136938470346
0.0169915791762
0.0116274278694
0.00985075671768
0.0100470244186
0.00672253862286
0.0135491275825
0.0136126145656
0.0199476026832
0.019960604631
0.0107695739811
0.00558209651014
0.00853836090774
0.0261306444944
0.0292200849939
0.0236924608177
0.0302078456797
0.0332992730835
0.0222972723295
0.0126004185906
0.0160407327326
0.0506095242655
0.0340986113692
0.0281408600369
0.0438769030396
0.0410318464382
0.0252712563105
0.0176780317037
0.0239417435809
0.0650056659023
0.0373508209496
0.0340200144991
0.0453332751378
0.0406286945211
0.0144058396592
0.0128091948688
0.0296923695942
0.0773639162842
0.0496703279883
0.0452372270697
0.0647893731527
0.0449385768283
0.0142326721139
0.0137436761063
0.0296569130549
0.0778628766033
0.0591640587467
0.0550992871564
0.0605699666483
0.030285060047
0.0125147718195
0.0215953661245
0.0331443418815
0.0670852358715
0.0653943567014
0.0557125765024
0.0515177668357
0.037603095481
0.0262528275582
0.0345563527414
0.0421169966049
0.0435115620703
0.0431495956569
0.0441275335372
0.0500832693413
0.0363999755632
0.0240162111348
0.0264617324532
0.0370676891486
0.0277680689213
0.0262397470801
0.0262635276861
0.0368156477534
0.0262331231286
0.00684465720951
0.00910019744178
0.02193485725
0.0171739388343
0.00906695343118
0.010903930913
0.0225516580852
0.0192693651057
-0.00036542454196
0.00129033814516
0.00402448639303
0.0124533840902
0.00524691253352
0.0071089666344
0.015593899479
0.0194253109148
-0.00196925815197
-0.00476380799864
-0.00227989900657
0.00684589739337
-0.000122561017477
-0.00152793884447
0.00413392043408
0.0106632130229
-0.00731461207971
-0.00895871968822
-0.00307957319388
0.00443049692991
0.00191690042325
-0.00329827469657
-0.0066126081379
-0.000926091871391
-0.00952619447276
-0.00541830560664
0.000270476472868
-0.0237101242009
-0.0160627108065
0.00171623649764
0.0182591439289
0.0166377119801
0.006375486169
0.00302219873092
0.0031351328371
-0.032065309715
-0.0175932551266
1.07182686994e-06
0.0149963135958
0.0133903577519
0.00419922549135
0.00148234895699
0.00197937283237
-0.045956685172
-0.0255883799596
-0.00446483478198
0.0143949792501
0.0136045320229
0.00365861825716
0.00240470615962
0.00260464162189
-0.0535210076459
-0.0270582235495
0.00266839499307
0.0205530533125
0.0079621673055
-0.00713590085199
0.0016624035455
0.00684615249653
-0.0551258291379
-0.0186093266049
0.00795414544555
0.0175545428555
-0.000927678917695
-0.00777582404906
0.00359839438876
0.00534808468688
-0.0482461355651
-0.017267290653
-0.0055095768279
0.00511935478179
-0.0105783825237
-0.0134865783498
-0.005343365671
0.00208210979303
-0.039439839026
-0.0273441498819
-0.0234741828591
-0.0124817573703
-0.0258844876895
-0.0280310118562
-0.0141347341712
0.000587895355409
-0.0332989207241
-0.0450778072088
-0.0434195135272
-0.0185568682837
-0.0251104333254
-0.0231921808222
-0.0127039023475
0.00235884718189
-0.0337654598237
-0.0662933322422
-0.0605372740711
-0.0300507619014
-0.0267485387966
-0.021865678684
-0.00782582936531
0.0077324573754
-0.0367600209772
-0.0711484464959
-0.0602385130827
-0.0273395001898
-0.0215096038745
-0.0181308733259
-0.00540397542845
0.0101393903459
-0.0417198860435
-0.0683373468975
-0.0595931011932
-0.0278918009673
-0.0244234182037
-0.0229389858998
-0.00863619916424
0.00558126052064
-0.0401696044219
-0.0592382131143
-0.0525707787496
-0.0265897237109
-0.0261869544518
-0.0282798067448
-0.0177583088228
-0.0028851111496
-0.0443006094956
-0.0480755373794
-0.0347301635552
-0.0150653238487
-0.0215884351366
-0.0337731107155
-0.0341090842402
-0.0204075999735
-0.0394058890027
-0.0424266833303
-0.022152551479
0.00307316024803
-0.00534260416759
-0.0240489107694
-0.0323751524412
-0.0254157384836
-0.0336378112417
-0.0296025587892
-0.0116634786827
0.0091904065632
0.00325843647049
-0.0135524408333
-0.0284560699066
-0.0251204416557
-0.0214492056418
-0.0240476460474
-0.00686801349329
0.0114830191914
0.0141547707964
0.00232727756908
-0.0157368275723
-0.0215717189146
0.00206046746221
-0.00687894407638
-0.0555736332473
-0.100835853317
-0.0733241511169
-0.0242831226356
-0.00269283351629
0.00933371124913
0.0109634045102
-0.000737971914277
-0.0546225764874
-0.114890735322
-0.0920185671624
-0.0141450269115
0.0111274809246
0.0222325740496
0.0341273966898
0.0167424351699
-0.0258635673246
-0.09706332152
-0.0860117333525
0.0207877939434
0.0468220262239
0.0550760794145
0.0557922898618
0.0305999486211
0.0238490770754
-0.0745521512545
-0.0506596385242
0.0904149414598
0.105550451881
0.12371274078
0.101385718568
0.100770923886
0.138316799126
0.022456834893
0.0542483541095
0.200945710051
0.168458050392
0.198739017105
0.187218693621
0.187877646683
0.142657310723
-0.025875379534
-0.0142164452455
0.174787538394
0.166922737428
0.223264065885
0.276255501049
0.191845468933
0.10447588441
-0.0493458156763
-0.0486960153571
0.156307260005
0.187926435114
0.239648084265
0.297053789748
0.151831498819
0.100340027027
-0.0698651370332
-0.0616269935895
0.122321641313
0.175031329008
0.214408665884
0.333295246951
0.171565564804
0.111465173612
-0.0781762997904
-0.0682646430799
0.103843261377
0.189375048388
0.219599640349
0.324488793939
0.104177212573
0.0473536473953
-0.106264214083
-0.0966698676072
0.0862871750359
0.225509551787
0.205022917456
0.302090165823
0.100985027358
0.071500758666
-0.0750516584071
-0.0560218479392
0.123164957467
0.245337294803
0.166571466088
0.254300169405
0.140312523702
0.0922314014008
-0.0220817742094
0.00191910806576
0.133077102184
0.196241155721
0.12209335251
0.131788496739
0.0758541222042
0.0329849039303
-0.0247952079098
-0.025017695146
0.0753152097656
0.114398770031
0.0749807066762
0.0594475750676
0.0550771184927
0.00186347869989
-0.0608681571726
-0.0829523401223
0.00474814812304
0.0513446301216
0.029986410662
0.00660405793133
0.00389958833333
-0.0405208635306
-0.0925791378785
-0.116378496158
-0.0163408431528
0.0219433806892
0.0127484529306
0.00205957363291
-0.00437622779736
-0.0380596370402
-0.0771505474322
-0.136999291665
-0.0662897292196
-0.0175004674993
0.00121702582099
0.00973303111217
0.00942498709688
0.0241264705932
0.0340923663887
0.0548576679402
0.0467984023539
0.0462971506648
0.0340686405348
0.0161113147551
0.0157219452746
0.0342963358401
0.0329506258492
0.0525974870286
0.0389990185181
0.0409887286811
0.0391182861121
0.0231554275988
0.0196437889097
0.0364545648484
0.031738264513
0.0648373307368
0.0472786630376
0.041521725298
0.0383610923194
0.0267315653728
0.0215486373586
0.0380049164799
0.0478814150493
0.0722767847076
0.0375624296123
0.0289696585434
0.0323563230425
0.010013683695
0.0207930290434
0.0559962303984
0.0694630262532
0.0565882998883
0.0165786094363
0.00458258890822
0.0121761950444
-0.0327598697078
0.0120793665784
-0.00110446652793
-0.0155384197031
-0.00328883930859
-0.0360110623075
-0.0382819960421
-0.0204398403639
-0.0850252689657
-0.0355997768002
-0.084372863781
-0.0858724121124
-0.071310722873
-0.101936455823
-0.0829257223103
-0.0727887267195
-0.0740993751999
-0.0655372233075
-0.0621697649428
-0.0975421949015
-0.104363023586
-0.0673424393821
-0.0559899909045
-0.118803798845
-0.0688202498939
-0.0745002580847
-0.0226867326254
-0.0899607695692
-0.0832757589575
-0.0136587745054
-0.019373985072
-0.142922028317
-0.0466279820661
-0.0323445188432
0.018245200828
-0.0311223231647
-0.0259748027591
0.0340970681426
0.0296815250969
-0.126771317496
0.0029824203467
0.0343151848133
0.0498535893306
0.027685198451
0.0421106044719
0.0679995968061
0.0442336682053
-0.0653055119752
0.048350594718
0.0534629729767
0.0593778148262
0.06695588564
0.0685910564454
0.0699614440343
0.0408563382252
-0.00598186924598
0.0684239075726
0.0483164617744
0.0387038782403
0.0475403726446
0.0528458151224
0.0489297824633
0.0322922816929
0.0172560965364
0.067052201561
0.0513620112779
0.029935465025
0.03898331184
0.0487954847688
0.030237383316
0.0199660044633
0.0161725205742
0.048922546765
0.0437075778194
0.0308345478489
0.0412537053865
0.0416895939728
0.0201981952065
0.0142839745283
0.0111664488421
0.027811467082
0.0425217497756
0.0418002468273
0.0402771849947
0.0383090321099
0.0236149455317
0.0151604139072
0.00963654679731
0.0423145787028
0.0824520401993
0.145596412214
0.169982746981
0.181063134731
0.173340037397
0.0916855698663
0.0451306744741
0.0708004900665
0.105248996913
0.152389637821
0.131412990859
0.149445298592
0.16777206307
0.0866594503292
0.0644883437682
0.0966715116688
0.166536371239
0.167555511646
0.0881686440427
0.111140034268
0.12940133893
0.0829079544813
0.0824544185668
0.150207280573
0.214517153223
0.174429895166
0.116376291134
0.152733856632
0.169891552918
0.12037288264
0.104194452289
0.158196545941
0.22016586296
0.16261423417
0.0435347196418
0.0643554237337
0.127174048394
0.12008171127
0.134812638171
0.152144754992
0.24880486865
0.154048926192
0.0678308910904
0.0742165954586
0.103745393018
0.17783739779
0.157777855936
0.129469639996
0.20423183153
0.0354587369747
0.0540534340382
0.0999518656851
0.214175359
0.15353565385
0.109417190206
0.101865843823
0.051849351234
-0.0401481821984
0.166581436993
0.26274661145
0.295460457742
0.0817354716904
0.0496852447307
0.0944944908974
-0.00605857227226
0.0638957269294
0.317026793572
0.389010458695
0.278445139176
0.110299740378
0.039703846629
0.0890251935803
0.0723674624163
0.203366458812
0.347405359633
0.322007352643
0.164441884676
0.157276476045
0.0601919580596
0.097098784366
0.219993910145
0.324372549627
0.31218721349
0.259315926801
0.206913668023
0.235323893415
0.0931215137941
-0.00377204901501
0.199446608198
0.328422851416
0.23917027056
0.182121185859
0.133584150486
0.159568966551
0.0424050205695
0.00846165549725
0.173255658969
0.276802074997
0.18873383634
0.154833971657
0.153224516465
0.193117128455
0.115068992187
0.0366893803623
0.158094320785
0.217903787371
0.150804427476
0.131867654732
0.138766594174
0.144703556598
0.0937383553529
0.0463078684659
0.148174767247
0.182033262651
0.131273258198
0.152366290006
0.173819053456
0.141232707084
0.0764559800142
0.0407293698659
0.124494273976
0.206703864485
0.207169547779
0.220458665945
0.191282321903
0.113869875878
0.0399401678187
-0.00283747315803
-0.005030950052
-0.00476757702071
-0.00831764822839
-0.00143739419417
0.013195649334
0.00283703721299
0.000695411499539
-0.00483103511512
-0.0154811413539
-0.0398654260588
-0.0511042508765
-0.045590335804
-0.0257433919071
-0.018305714968
-0.00664391159301
-0.0233767066756
-0.0604253797907
-0.095248071066
-0.113927280183
-0.120185841365
-0.10695239152
-0.0709028535494
-0.0370537123735
-0.0609879876468
-0.125984254389
-0.167014415237
-0.169351131014
-0.18014317359
-0.173547238028
-0.148054136943
-0.105897841633
-0.124834851648
-0.215445092142
-0.233591967313
-0.207643112871
-0.19496996493
-0.205712629727
-0.222850498736
-0.236177434276
-0.216043490788
-0.260480736699
-0.185444662473
-0.123687343558
-0.0855083533307
-0.123182956549
-0.204341993012
-0.364367963753
-0.322603668345
-0.225167290806
-0.0771706371268
-0.0216520460915
0.0156974809179
-0.0208608910938
-0.128920855619
-0.459840291704
-0.41121950095
-0.117069442646
0.00573585061807
0.0359481804281
0.0341601959939
0.00826484637095
-0.0460233919951
-0.49247631744
-0.454541266117
-0.0529385904711
0.0233643646047
0.0423115869477
0.0190019963658
0.00377245826642
-0.0662527634242
-0.491545129682
-0.463870482474
-0.039462914438
0.028994259292
0.030292697498
-0.00129763575299
-0.0436280898451
-0.166725891796
-0.434546196061
-0.44292682217
-0.0976415539908
-0.0228376273687
-0.0255805981996
-0.069930478617
-0.154122258041
-0.258963818244
-0.312927997589
-0.355235451873
-0.161634871465
-0.108069910532
-0.129950243954
-0.180795843401
-0.236747124206
-0.24315753687
-0.162595052893
-0.224996229936
-0.168102922872
-0.143182738918
-0.159744227461
-0.186187126661
-0.186981034296
-0.148253131442
-0.0619831070627
-0.106708327973
-0.1105360473
-0.108849334898
-0.124694432361
-0.123288692188
-0.106981202631
-0.0651541895649
-0.0126409579644
-0.0350250226443
-0.0461103998444
-0.0396134691194
-0.0558667756051
-0.0635529820431
-0.0550357709293
-0.0203411490722
-0.000169549755158
-0.00543148890401
-0.0213024398025
-0.0223218057744
-0.0355851237342
-0.0317443653182
-0.0146655707921
-9.38668316064e-05
0.00530065932118
-0.00643282024813
-0.0352699257362
-0.0741972599447
-0.0761097588562
-0.0900397622681
-0.102374646478
-0.0531829976841
-0.00799914437352
-0.0252367852093
-0.0502421996065
-0.0744447799343
-0.0281864171527
-0.0252630291237
-0.0757194302146
-0.0843980699207
-0.0306024173069
-0.0379582232917
-0.0533650811634
-0.0663862807597
-0.00412279942371
-0.00163514085076
-0.0378760343785
-0.0815197261705
-0.0524808255413
-0.0341638094689
-0.0506869276084
-0.0549855364076
0.0201132445033
0.0229444978655
-0.00999426050204
-0.0648933156313
-0.0569398084446
-0.0102861820323
-0.0349732597824
-0.0432862293589
0.0344583267882
0.0356649429027
-0.00879807946535
-0.0528608670687
-0.0503210073588
0.0156702991937
-0.0348193048501
-0.0500792463573
0.00394702418833
0.00668265032942
-0.0358254398258
-0.0414002941514
-0.0341447889074
0.0172172494282
-0.0488524462075
-0.0620667035819
-0.0185053790837
0.00330966268216
-0.0412102560507
-0.0244536218138
-0.0038774838968
0.0272694956758
-0.0424278359336
-0.0658576570487
-0.0235789684287
0.00602563476584
-0.0205996378929
-0.00181653862579
0.0236210413586
0.0292336345253
-0.0452923364527
-0.0582628232193
-0.0132458318852
0.0261198934357
0.00910457377263
0.0247479532847
0.0472724497431
0.0330597281674
-0.0443644521647
-0.0620173221692
-0.0107591777033
0.0331547340742
0.0256603332118
0.035600659124
0.0516119541858
0.0235412997557
-0.0330229400077
-0.046280296075
0.0109885387912
0.058094895286
0.0362368971103
0.048646544618
0.053833678874
0.00976856911215
-0.0334110696152
-0.049655443214
0.0163462419831
0.0677104701331
0.0489041654317
0.0596626535092
0.0493446291567
0.00297333288871
-0.0163202288393
-0.0256962898082
0.0302348911435
0.0515192589535
0.0375972340412
0.043977823115
0.0267271053603
-0.0188229839581
-0.0311054810102
-0.0322537602523
0.020925067762
0.0363217531312
0.0312426216693
0.0323703665163
0.0196846743037
-0.0228145493249
-0.0250692463795
-0.0335351340398
0.0127494840369
0.0371286421844
0.0155240265715
0.0276403397347
0.0161230323639
-0.0191836965447
-0.0195583594172
-0.0364019786012
-0.00119761339435
0.035225487575
0.0213420172674
0.0246557979558
0.00947690403745
0.00691130341484
0.00734452281541
0.0152160913565
0.0384250712858
0.042473884348
0.0497537848876
0.0387733358783
0.0173686125409
0.0125547681078
0.0112188965998
0.0183270422504
0.0352817168812
0.0378133692896
0.0493872392853
0.055277754067
0.0400597793556
0.0124197275686
0.0254708503707
0.0635452279787
0.0810124289877
0.0568431364276
0.0582842454466
0.0660204168165
0.0704654882372
0.0309041942896
0.0579265012856
0.0960124382983
0.119127572306
0.0976506018317
0.112459005086
0.112461124478
0.0919076912674
0.0477135752438
0.0747521736302
0.0937280340227
0.096343696011
0.0781445499894
0.0938088608949
0.09998433171
0.103800601876
0.0804836101513
0.0991404839257
0.101672335247
0.0858353711068
0.100750222588
0.0896054703274
0.0811691031402
0.104964961477
0.117741253864
0.110463303075
0.118486902996
0.122745507226
0.123350932541
0.0746878207357
0.066058292264
0.0931032809503
0.146233035736
0.119117803407
0.138822298118
0.12767579246
0.0854691433869
0.0498330446522
0.0421126837103
0.0780046534014
0.177676710099
0.14138562693
0.142519221129
0.114211690929
0.0525707587277
0.0373871592146
0.0318077627894
0.0800450805822
0.195572647969
0.137193960578
0.116801733769
0.0806241242269
0.0282341846053
0.0176488832991
0.0209847662101
0.078977388119
0.20591039977
0.13177686567
0.0817704522126
0.0880426425242
0.0364499044721
0.0204383424492
0.027298994613
0.0791319752868
0.191086455287
0.14810673884
0.110178252913
0.11673576588
0.0701572386251
0.0422456154875
0.0497021550748
0.0890524833332
0.142764991538
0.13319130592
0.150589582762
0.147544027374
0.0922572733666
0.0620803407817
0.0873382852608
0.071873751062
0.0961055928497
0.0738243394347
0.11038948191
0.129428666984
0.0967186532494
0.0807614505709
0.0675028320081
0.0325086955873
0.0584103834138
0.0594702243044
0.0790094596497
0.079326901276
0.028347119171
0.0176549017993
0.00920032912086
0.00794477781951
0.0272713650893
0.0398202903863
0.0504948114201
0.0593999663645
0.0206122785875
0.00562875540289
-0.00187245272108
0.00465304033816
-0.00252643982156
0.0156163271193
0.0347502144138
0.00765574618541
-0.00880713286442
-0.0183274339479
-0.0291787963864
-0.0323068505879
-0.00510209651633
0.0103935644123
0.0350023375261
0.00911971262766
-0.00834536439948
-0.0108378784725
-0.0033600930495
-0.0149040196858
-0.0154772544718
0.00530070634841
0.0403486130164
0.0269412384341
0.0147453499578
0.0103377499988
0.00228190243302
-0.0285119304611
-0.0417289726295
-0.0250875303513
0.0169621040153
0.0047440286597
-0.0131164676026
-0.0166403366933
-0.00575510682667
-0.0351080191182
-0.0943259967911
-0.0452679675861
-0.00878317948883
-0.0294495061498
-0.0431430067956
-0.0473020188722
-0.0224316359597
-0.0343847574312
-0.126378559451
-0.0686045466714
-0.0397831133973
-0.0299194779396
-0.0269474224783
-0.00762845839099
0.0215031929067
0.00797247917491
-0.129142099093
-0.0721943080947
-0.0367372442794
-0.00134862952033
0.0108691152254
0.0316896511996
0.0764254362271
0.0515762054276
-0.104551101977
-0.0857445695822
-0.0477311698626
0.0165822728308
0.0345243592531
0.0607172678176
0.0812313039846
0.066616502713
-0.0957368815559
-0.136958110803
-0.0926657545383
0.0118002292856
0.0402543643248
0.0532712664501
0.0595793213873
0.0697970827004
-0.0769483713859
-0.138776732748
-0.0877185856279
0.0106865820925
0.04055147023
0.054690682605
0.0529020153299
0.0748237330301
-0.0760393516405
-0.125324352447
-0.0695613386877
0.00491647550456
0.0257317242721
0.0382244662299
0.0453326755297
0.0766382308168
-0.0584454020792
-0.0997499552134
-0.0580080275324
-0.00267810694803
0.030910753746
0.0361918437054
0.0391672688858
0.081686059583
-0.0417231502532
-0.0567433497144
-0.0184404474025
0.0116071728238
0.0398185071901
0.0536804413447
0.0524348172493
0.0819461978976
-0.0113041175823
-0.00720932249902
0.00337752290957
0.0128407345748
0.038770105769
0.0468344580778
0.0532132849483
0.0645879679189
-0.00930697513512
0.00632950241164
0.0238812214606
0.0357504739311
0.0607841176456
0.0653120747586
0.0621896706427
0.0375028293017
-0.00300240110373
0.00484256145022
0.0277334404601
0.0447845741604
0.0628806140206
0.0638153390225
0.0413708551912
0.0140191185324
0.00378977364762
-0.00156908466013
0.00233710273903
0.0199216050231
-0.000113829244538
-0.0118019896064
-0.00671577933446
-0.00278900345328
0.00477487724061
-0.00027785776704
-0.00458108505761
0.0142899130532
0.00389263491408
-0.00702834327821
-0.000401342556399
0.00364608980395
0.00464507204676
-0.0118134298781
-0.0230670867661
0.022673304544
0.0190886018396
0.0168787551908
0.0240735833584
0.0218994796426
-0.00396716101087
-0.0166899803187
-0.00486215156896
0.0554126369349
0.0165781259419
-0.000472054819831
0.0196099261329
0.0375131443744
-0.00891506053821
0.00397184688724
0.0364858616324
0.0710841726648
0.0355838071686
0.0215246050492
0.0431251682784
0.057163293036
0.0318005148243
0.0479106720529
0.0348468231806
0.065133887102
0.0527389626849
0.0272326053579
0.0367271253699
0.0717791158685
0.0865186926431
0.0457790807898
-0.0185995181997
0.0300721909674
0.0197748245989
0.0149177580233
0.0291142706175
0.0746711731109
0.154292346977
0.0437093976833
-0.0348064641666
-0.0150074323376
-0.0113480547815
-0.00850772906292
0.0127399585311
0.0640802223134
0.192994463984
0.0593998278686
0.0166145363845
0.0214119363618
-0.030963460439
-0.0518140989265
-0.0366310560032
0.0124944506683
0.197696341676
0.0775510567876
0.0489868873554
0.0572842674714
0.0096225341034
-0.030509788218
-0.0367549702201
-0.0269999608673
0.178218751712
0.0789752858574
0.0454295538463
0.0710395831909
0.0392097502488
-0.00741881655698
-0.0184234756033
-0.0399106833528
0.127351826555
0.0839376586582
0.0405050912017
0.0534668223775
0.031903271924
-0.00412940518723
-0.0086720886307
-0.0258582119275
0.048908711464
0.0442176663572
0.0088432041888
0.0388590777276
0.0544601955815
0.0120669174164
-0.0107921982184
-0.0265680802832
0.0138771493757
0.0218979880429
0.00675824038389
0.0359948459125
0.0466278458036
-0.0182531046202
-0.0209215841466
-0.00986532622233
-0.00250406497396
-0.00502572405713
-0.00118225061431
0.0178168572314
0.0265929189817
-0.0163267054709
-0.00986192516573
-0.00551690858411
-0.013181211568
-0.0176775975969
-0.0143999200435
0.00454938894542
0.0262809174107
-0.00323989626731
-0.00377838077088
0.00121162653671
0.00827950782794
0.00414516972801
0.000447491251662
-0.0107745373247
-0.00656769075446
-0.000886523295194
-0.00610657725027
-0.00669219572436
0.0126800045363
0.0086273116856
-0.00960660382785
-0.0272738371525
-0.0211933535875
-0.00651915313866
0.000142576557174
0.00354194909142
0.0163545522385
0.0105240848367
-0.0122391805952
-0.0330100093681
-0.023785512272
-0.00984330013992
0.00295922533576
0.0128440409183
0.0220965184366
0.00783011763748
-0.0188609528284
-0.0379568288484
-0.0247772552212
-0.0180372104731
-0.00133700066337
0.0146398637216
0.0250160627627
0.00502190373153
-0.0163983069257
-0.0469605913984
-0.0398555122067
-0.0359473722471
-0.00351858698937
0.0105795229744
0.0129859722878
-0.00657729654963
-0.0231562328474
-0.0744838010545
-0.0797042908138
-0.0387433029184
-0.00557507938963
-0.0061274141387
-0.00785065458604
-0.0212859890277
-0.0355268389358
-0.0844956628161
-0.0948039566472
-0.0637139080056
-0.0182132241211
-0.018837552856
-0.0119680400091
-0.0140374919377
-0.0327956581646
-0.0744917767624
-0.0894667669986
-0.0567176078725
-0.00578148071575
-0.01181135842
-0.0137181238841
-0.0315953893648
-0.0368605778677
-0.0820563699669
-0.10280378508
-0.0652543306383
-0.0137092914128
-0.0028827272849
0.0139508617257
-0.000798052158045
-0.0118929326908
-0.0648821100312
-0.0863857109005
-0.0278799848161
0.0172694159672
0.0301542809204
0.0337829688622
0.0400431754535
0.0156461408782
-0.0463938418756
-0.0760732445893
-0.0209219297323
0.0154975619016
0.0466330083791
0.0352741210663
0.0525368225719
0.0133133584766
-0.0405242650052
-0.0717166932285
-0.00960284961072
0.0178433749246
0.0468669841659
0.0375587868004
0.0510053713301
0.0205980800069
-0.0308108908439
-0.064647868739
-0.0116782977887
0.00692801292655
0.0258792416275
0.036004630374
0.0366476162461
0.0141287584166
-0.0241670917203
-0.0426523436974
-0.00578943065842
0.00721663775849
0.00880823476133
0.0287155081625
0.0364700399289
0.0166118783171
-0.00889829372462
-0.0268856265901
-0.00770235248627
-0.00249043311021
-0.00188167102034
0.0117136553032
0.0283530540285
0.024363938132
0.00578711047288
-0.0187620693081
-0.0153317978096
-0.00996357732359
-0.00158852476082
0.00628715924379
0.01576894203
0.0402739301623
0.0894709221083
0.0854251106268
0.0490629436268
0.0282428553291
0.0136637853887
0.00351910879023
0.0247036047505
0.0554547076311
0.0930694774376
0.0773746198369
0.0574113553996
0.0341181541526
0.0147332804783
-0.0192554049329
0.0270795195375
0.0681883985925
0.116683853555
0.097873028881
0.0693967448248
0.0411168435761
-0.00112633629662
-0.0569786595086
0.0519896040183
0.0874985004768
0.113929124713
0.0736535364423
0.034031099491
0.00957278175395
-0.0277757414204
-0.0954356219849
0.101668399163
0.117478918892
0.123125316639
0.0777719188459
0.00563459020164
-0.0217735556021
-0.0548048639247
-0.107207977229
0.0767023970061
0.0509734440737
0.0589291960396
0.0560118361351
-0.0213405146366
-0.046646458577
-0.0732894773239
-0.104783416054
0.0390274843663
0.050571789241
0.0689822561056
0.0702545987023
-0.0244703962531
-0.0640644614219
-0.0814054666574
-0.103044478314
0.00588532505541
0.0494192296788
0.0638446203015
0.0522822042909
-0.0664299473459
-0.0896834576621
-0.0824262798955
-0.094747047612
-0.000898230556419
0.0593368443078
0.044192149486
0.02211235319
-0.0937250393578
-0.119248545977
-0.072841679962
-0.0812679829747
-0.0534697932766
0.00878351217668
0.00999233071216
0.00354637610037
-0.110232839984
-0.143668627917
-0.0721216110203
-0.0530572429102
-0.0715887855259
-0.0557638449544
-0.0424789234389
0.00539513944631
-0.0703104742898
-0.102636110096
-0.0684215623821
-0.0194948519014
-0.0347972183126
-0.0301326310942
0.0143302267373
0.06274725635
0.00960366302967
-0.0324954560199
-0.0609640409604
0.000469371331641
-0.00463075762253
-0.00200359383292
0.0384374745253
0.0597666037951
-0.00456656262034
-0.0311776478671
-0.0482230240962
0.0156176336876
0.0172723374334
0.0250836765671
0.0456605307617
0.0740884628599
0.0175280915928
0.0078095974259
-0.00179740005625
0.0161170328291
0.0258553719868
0.040591099795
0.0590059006132
0.0959751209738
0.0354430431783
0.0216383042161
0.00906513293927
0.0104622660758
0.0194398616147
0.0293793830872
0.0525360727649
0.0827929133916
0.0260237755369
0.0151036921442
0.0096755284394
0.00176860289416
0.00805543722437
0.0198351355236
0.0242944627463
0.0287677486171
0.0233697587593
0.0127256913332
0.000738491635684
-0.00277908615131
0.0102531479934
0.0216244443249
0.0241883897697
0.030493840768
0.0259713592953
0.0204232205306
-0.00547602009558
-0.0074088087516
0.0102568919041
0.0342685855056
0.051787019511
0.058382314596
0.0536992924814
0.0299732052411
-0.0112389896309
-0.00335292428252
0.0186700210922
0.05989871899
0.0625230200427
0.0529224030927
0.0499322224844
0.015843126568
-0.0107988283729
0.0139905486095
0.0568481873022
0.0874628698526
0.0674307191878
0.0820063799668
0.075669757627
0.0164612199127
0.00833012106951
0.0503061768522
0.0667414872895
0.0552316936422
0.0427042505128
0.0845250315949
0.0579685775372
0.00583917973568
0.0323925885097
0.0792939829693
0.0258024937699
0.0415610245889
0.0494014779812
0.0769856544441
0.0340608021806
0.00724660284554
0.0519802742161
0.103011549177
0.00496815709389
0.0424223405325
0.0450147784561
0.0558946491803
0.0254343637228
0.02545341402
0.0647808238156
0.120766746702
0.00909734931058
0.0256236922815
0.0279858921585
0.0494322996025
0.0365750442972
0.0383735954352
0.0786673909139
0.127047514045
0.0296236757031
0.0172961940448
0.0168392996182
0.0437895597726
0.0442271242861
0.0415120422031
0.0852121419156
0.11865251667
0.0788838337403
0.0343404639214
0.0258862362807
0.0380630076163
0.0351480997696
0.0598607596644
0.0959549740041
0.0947528059804
0.0827258901325
0.0355081079204
0.0340642919952
0.0224919951072
0.0290959356124
0.0532520054023
0.0812001441779
0.0729652758377
0.0684274049699
0.0341610306112
0.0300634728472
0.0126730302091
0.0243969338804
0.0396945985245
0.0542297927025
0.0458449887738
0.0408846367887
0.0229642923083
0.0139964154987
0.00964867956968
0.0252647479306
0.0304533643514
0.0247598170546
0.0369269178629
0.0336983034517
0.0209147238543
0.014825455977
0.0171500222801
0.0237067354967
0.0161634184693
0.0103910629383
0.0239948803982
0.0321894952529
0.0288086512666
0.0255697792189
0.0175728516231
0.0147921956299
0.0108312384628
0.0051928025525
0.0024835963476
0.00515631125089
0.00778971463253
0.0136500417405
0.01434341555
0.0137052981818
0.0122310717069
0.00787697752807
0.00490840863547
0.00781178855187
0.0120537818957
0.0127210312018
0.0132178503689
0.0109038798932
0.0101249204644
0.00614295331299
0.00764563615898
0.0117077407819
0.015567447724
0.0163181829804
0.0209763596678
0.0138850255707
0.0133173030929
0.00620550532094
0.00868772561757
0.0173468825547
0.0249334464568
0.0240042646819
0.0327958738487
0.0229263238404
0.0188627377789
0.0050711316965
0.00466650372163
0.0294847394854
0.0332554441669
0.0337451510761
0.0346276536675
0.01776063431
0.0105241765147
-0.0154387560387
-0.0110508491518
0.0395468759504
0.0276926907716
0.026677525906
0.0195936170349
0.0163006153959
0.00197565538708
-0.0411822487682
-0.0175958213622
0.0387951143217
0.0108595812504
0.000647425104791
0.00566217783641
0.0121845905042
0.00013450170732
-0.0532165143816
-0.0229801446077
0.0200814834831
-0.00434141475667
-0.0222250440126
-0.00678968814942
0.00794104146474
0.000582265981935
-0.0493200139672
-0.0210517360552
0.012974389723
-0.0131790976539
-0.0255141616872
-0.0120589904651
0.00197191361267
-0.0100799264527
-0.0424953230378
-0.014569941214
-0.00727261051203
-0.0306010203863
-0.0178679196744
-0.0172060250462
-0.0176730633359
-0.0249016632951
-0.0277823561172
-0.00254273290976
-0.0131467043527
-0.0118147299974
0.00256146060878
-0.01048037783
-0.0194115115915
-0.0154123229762
-0.00281709898178
0.0132790722891
-0.00018699201603
0.0119308361701
0.0137600993459
0.00828016802129
0.00726082986592
0.00880667383226
0.0117971789081
0.0234114443113
0.0190903584822
0.0235666732257
0.0252781239428
0.0246099815207
0.0205783451554
0.0203444592821
0.0142263266433
0.0175871134773
0.0199932815499
0.0187497872585
0.0175765411564
0.0189616203121
0.0113008675894
0.0126014568413
0.00879123671774
0.010663976779
0.0124214357782
0.0125087019789
0.0122929099913
0.0139440937027
0.00899367541336
0.00744159569161
0.00409275008341
0.00628018369905
0.00869000555784
0.0104121175702
0.0136565049411
0.0139145901269
0.00855243553015
0.00631721296459
0.00417282024302
0.00660202611593
0.0130678605803
0.0322050401569
0.0414619732042
0.0429546444753
0.0343896492508
0.0179339615091
0.00664689845042
0.00797590915354
0.0205195674352
0.0271999912719
0.0280225606882
0.0232789608502
0.019772185109
0.0102735720703
0.00355358195591
0.00939602168676
0.0218649761612
0.0256545710191
0.0240353228775
0.02098145932
0.0167301058813
0.00412205544869
-0.000562877620109
0.00762580488423
0.0203384927297
0.0256488216649
0.0187204558624
0.0201839747765
0.0149014150775
-0.00429897768998
-0.00371479820106
0.0118656735781
0.0214928147066
0.0191298647603
0.0182414346613
0.0200913799808
0.011883080445
-0.000697899882224
0.0037718629767
0.0342361873665
0.0133598981847
0.00558685119116
0.0253838728797
0.0155537219469
0.0109243695786
0.0231228710663
0.0182925728977
0.0525452740157
0.00750354856307
0.0107935706364
0.0159870246063
0.00720044461327
0.0198844519955
0.039714478497
0.0266049725279
0.0676196698638
0.0151906961238
0.00468862902457
-0.0142844615296
-0.00891673211112
0.0228013056885
0.0437312675432
0.0332026580391
0.0678350605919
0.0207741339289
5.21689206019e-05
-0.0155102502904
-0.00788139580853
0.0204689999102
0.0340296549846
0.0385162150849
0.0570082398027
0.0164011685796
-0.00101238760032
0.01041452852
1.14134782952e-06
0.00647569304191
0.0192721382089
0.0425717419792
0.0345127886784
-0.000772961056084
0.0125828055289
0.0254332780449
0.00756164099143
-0.00159793249279
0.000373352996726
0.0323018286839
0.0193297340206
-0.00434423558627
0.0135846766429
0.0175625867063
0.00737004037199
0.00787264614834
0.00612172015057
0.0249029152497
0.00865794371198
0.0014683947473
0.0180092963244
0.0196543350534
0.0139996162927
0.0191435206728
0.0182586807648
0.0240375391889
0.00870664446918
0.00901517114086
0.0218115936272
0.0281332426571
0.0157227963838
0.0203503857084
0.017206363279
0.0185075420453
0.0103846707523
0.0122568202487
0.0203820510032
0.0316624598056
0.021842894572
0.0298274166861
0.0243357859821
0.0151996486173
0.00991448704547
0.0138962536342
0.0228090285953
0.0367032553817
0.0398150073394
0.0399405837443
0.0201172603221
0.0125585899112
-0.0252010294089
-0.0276681362646
-0.00652331909664
0.0135281484582
0.0131848647381
-0.0129261669641
-0.0363645081236
-0.0377353047368
-0.0324216307199
-0.0455755889722
-0.0251256189996
0.00141326475594
0.000756747171155
-0.028779986013
-0.049130075856
-0.0529366210326
-0.0296871695076
-0.042464209356
-0.0350091496767
-0.0101662635864
-0.00942686353972
-0.0441083668399
-0.0650972158974
-0.055311984813
-0.0263366616963
-0.0314144196108
-0.0320060368406
-0.030062725167
-0.0334729767004
-0.0622695752004
-0.074941270369
-0.045463032566
-0.0156265837958
-0.019190695411
-0.0279823254919
-0.0320528399101
-0.0498998271624
-0.0829539490604
-0.0707781264621
-0.0287152847417
0.0005509378578
-0.00907685062895
-0.0190929453576
-0.0303209149633
-0.0609313720271
-0.0874450941323
-0.0553893362399
-0.0208353118891
0.0162125413548
0.00839697075373
0.000610662982514
-0.0196959701627
-0.0668889237204
-0.0742181415281
-0.0431705587049
-0.0176246074716
0.0249608262421
0.0124308625234
0.0125933932001
-0.00765571311256
-0.0570471890933
-0.0466738426582
-0.0360355759469
-0.0109519922163
0.0267394717362
0.00892987464145
0.00114197060242
-0.00682774742556
-0.0312650498917
-0.0286346500448
-0.0200248058726
-0.00307562893757
0.0232875105724
0.00192611424536
-0.0212759813214
-0.0100445650218
-0.0185579664417
-0.0174494351947
-0.0170252952534
-0.00311631421707
0.0108918459804
-0.0186327160677
-0.0355925919717
0.00214883404252
0.00119790632178
-0.00993413068016
-0.0149899423572
-0.00765997588178
-0.000375510163119
-0.0276061887542
-0.0281658195959
0.00156398824106
0.0132294688921
-0.00310399926157
-0.0160169989754
-0.0103215257299
-0.025835801231
-0.0330874191607
-0.0232627352821
-0.00497585094251
0.0176997135592
-0.00348599838793
-0.0191474962109
-0.0132339300949
-0.0359699906622
-0.0322978621447
-0.0262033879539
-0.00692379069956
0.015015125361
-0.00205543980948
-0.014702112885
-0.0121745394865
-0.0350083143571
-0.030760585631
-0.0276061159608
-0.0103940254722
0.00712010456515
0.000231522369762
-0.0105224387125
-0.0104332505813
-0.0287578304412
-0.033530634238
-0.0332327049155
-0.0223581900223
-0.000210152382463
0.00102465859702
-0.00895513648276
-0.00642320427484
0.0115549180313
0.0234058953515
0.0355642886216
0.0607325782113
0.0838048646496
0.0527531973315
0.0409454856357
0.0204605494097
0.0120938080001
0.0246468836199
0.040236439653
0.0501212504573
0.0647925350374
0.0562462874959
0.0604483464254
0.034311754869
0.0250323074842
0.0341494709453
0.0580780382014
0.0626464030784
0.110940180687
0.0985822966085
0.101281736323
0.0787518448327
0.033198852423
0.0706149089478
0.0876843869565
0.0962802531948
0.175173945355
0.157210452372
0.149820348404
0.0974994754286
0.0500610636336
0.0741787731002
0.0599864789088
0.147330841702
0.167901057884
0.126107213844
0.143848325509
0.09781476501
0.0907521669526
0.0813618972555
0.143032016016
0.183374721646
0.113977003494
0.133823782902
0.149001422219
0.0925730035573
0.167919335897
0.13767695283
0.192112683708
0.16829094561
0.0970448416567
0.144036152294
0.125004985928
0.0899365513064
0.212756532055
0.151956602472
0.144184160505
0.136627877155
0.150619681607
0.142985979672
0.0860582085461
0.0832698358606
0.259426752216
0.142953429962
0.115388144743
0.109128909298
0.152174976405
0.130406328431
0.0839044302726
0.0871421267652
0.245552935281
0.0785606949763
0.0751605896903
0.0815063018307
0.142638042503
0.139282121246
0.0752225932838
0.0894337160649
0.211834202923
0.0692969582679
0.0720993350143
0.106632535652
0.116507254729
0.115320209377
0.0709740623956
0.0733531248979
0.183387855334
0.0982498861073
0.0673174490828
0.105276585295
0.069482856106
0.0751313143666
0.0642947061117
0.078378784934
0.139947474018
0.132229204357
0.12337893267
0.146672881863
0.109127788256
0.0939531309366
0.0728216182051
0.0697126713454
0.0696150608792
0.0857219555137
0.105308715447
0.130517187695
0.11095573223
0.0868408591785
0.0655347495363
0.0398210804412
0.0268775063009
0.0340807449275
0.0493893124421
0.0775140367932
0.0635690298963
0.0284902457158
0.0268691142577
0.0142839744283
0.0177848805021
0.0368735949007
0.0601721177814
0.0727821100732
0.0630081206627
0.0241678072503
0.0167557919231
0.00702520083339
0.00552252174025
0.00350594175898
-0.0596564928098
0.0114662439428
-0.0120693918293
0.00839249517656
0.00232361102999
-0.019404411002
-0.0388304256738
0.00337088903334
-0.0183256957167
-0.00415501588403
-0.03036426352
0.0243052106826
-0.0150395173468
-0.0185280985351
0.00875609445008
-0.0693454582587
0.0099712132725
-0.0187928484709
-0.0106590503131
0.00947829457501
-0.0187704281647
0.00334720845325
0.00282846050002
-0.000727319032306
-0.101895763201
-0.0196943067619
0.00151953331561
0.00656811428897
0.00358161353972
0.00465616013613
0.00261970298951
0.00217505376397
0.00388228840349
0.00257862660749
0.00133596891793
0.01075776748
-0.0169129469667
0.0226143634409
-0.0195185276997
0.0039458961244
0.0102674475245
-0.0130881493288
0.00358273098016
0.00360720475935
0.00475756470513
0.00313453078434
0.00113039466534
0.00314972607232
0.00110556559556
0.00813801390993
-0.0546477808022
0.00166952262505
-0.0111992168037
0.00695322584984
-0.0726203183283
0.00283108159719
0.00259545647437
0.0025873237722
-0.058553912478
0.00156179955939
0.00126127799191
-0.0112539527358
0.00388570881673
-0.0182668406738
0.00214865844867
0.00445623354361
0.00550541790946
0.00407704616467
0.00582270993414
0.00550389736843
0.0105916751206
0.00520709361121
0.00111413535029
0.00208185663256
0.00180344594057
0.0148588968703
-0.0138430682212
0.00984984934481
0.00654630954746
0.00778907522179
-0.08752800769
0.0188876118775
0.0158335457919
0.0119489425192
-0.0120794463434
0.014989979613
0.00397372215947
0.0227964515297
0.0155367368732
0.0672290621547
0.0144650647547
0.0207791918586
0.029361219561
0.0191351823525
0.0258288567076
0.00915406739664
0.0217130693579
0.0203681191309
0.00583273005621
0.0126531393214
0.00645014175071
0.0315657528861
0.00234225321404
0.00262332939394
-0.0184043758124
-0.0128754594481
-0.014314077211
-0.0110170959387
-0.00941671752068
-0.00986509633157
-0.0130578543427
-0.0130986820109
-0.0373887730991
-0.102458085185
-0.0279198334776
-0.0367758921838
0.00157942384566
-0.013139643906
0.0100362116717
-0.0171272961162
-0.00716380426698
-0.0610672786991
-0.00256697917416
-0.0394804812308
0.00106851223019
0.0032547298214
0.00128358242257
0.000614731218645
-0.0115099458684
0.00367467037464
0.0030379473515
0.0177392095853
0.00579504194528
-0.0142834389677
0.00669741814331
0.00423176124785
-0.0274098778821
0.00390132526717
0.00169502142119
0.015679800199
-0.00497646675536
0.0406482353576
0.00268354050841
0.00566162257121
0.00876261640451
0.0070055894489
-0.00380714552559
-0.00758866376282
-0.0108785285266
0.00626547786063
0.00179796587322
0.00493889636659
0.00526745696225
0.0131521332478
0.00324996979777
0.00254812294663
0.00258400610719
-0.00579437822656
0.0015237659638
0.00565151806681
-0.0178642158434
0.00154884031027
-0.0124155698676
0.00286635769628
0.00142250313462
0.00558330094422
0.00310012465234
-0.219917357082
-0.0152860095893
0.00224649139307
0.00793478220772
0.00379446890741
0.00704451814437
0.00346178393414
-0.0116504080858
0.00265950729008
0.00277194537046
0.00396304032198
0.00257872086555
0.012316776039
0.00589708964638
0.0029498676757
-0.0163608473297
0.00856759449459
0.00173795395934
0.00550191914737
-0.0128133022928
0.00159306658267
0.00261192432907
0.00326653264283
0.00077434989868
0.0138500828517
0.00583135632717
0.0200184424635
0.00216086342
-0.0310653067693
0.00438838612448
0.00616491516263
-0.0180941328707
-0.0076398020722
0.00532919333441
0.00495396649026
0.00261759437346
0.00184024005162
0.00267905858204
0.0111674277395
0.00372127770127
-0.0128433566161
-0.0163540108511
-0.0170027508032
0.00336553603349
-0.0281966262889
-0.0166721422561
-0.0160748084742
-0.013706735601
0.00475318091727
-0.0376303984464
-0.0704574116465
-0.00090241194417
-0.037708683774
-0.0192843427592
0.00379168163179
0.0130995336483
-0.0603823964603
0.0128158188419
-0.105447850173
-0.0279436703885
-0.0156352476852
0.00373943043871
-0.0157877900911
0.00231894044912
-0.0242964229992
0.00303854089307
0.00215377927026
0.00443354518781
0.0126347606113
-0.00993558025853
0.00285150503358
0.0030938113766
0.00242008145508
0.00271620360067
0.00185966880625
0.00145699154635
0.00635928219643
0.00476201348388
0.0136118028418
-0.0128077538586
0.00532301175458
0.00639504523052
0.00377368093967
0.00490996422662
0.00574607825115
0.00565774508217
0.00285502409703
0.00216496532226
0.00205956658988
0.00227503365178
0.0107969851537
-0.0195175117557
0.000937993740745
-0.029245178773
0.00597506876587
-0.0160853773555
0.00232466574416
0.00104313065566
0.00151387899186
0.00135279663146
0.000830293745275
0.00122831320175
0.00482132924889
0.0016697087475
0.0125329851382
-0.0145288692418
0.00264561755567
0.00434925977917
-0.0171182665955
0.0021563799273
0.00208730926433
0.00605083737352
0.00285076150518
0.00163909947362
0.0014407388334
0.00190981855624
0.0088721844256
-0.0699817495288
-0.0618082016046
-0.00536413556105
0.0351884349408
0.0015451435793
0.0216436639637
-0.0096510236182
0.00735699267103
-0.0201811675373
0.00660156216968
0.00684389971992
-0.00381493469749
0.014559774082
0.0517219239638
-0.0125023174567
-0.00544571653686
0.02045589879
0.0293359538832
-0.000180236468718
0.0114656845878
-0.0218904013601
0.0237947406609
-0.00822188276777
0.00623600439435
-0.013103326226
0.014334418838
0.0093241758053
0.00592773215471
0.00487290754084
0.0144737471672
-0.0255967621915
0.0073193477476
0.00492381150989
0.0031366419405
0.00758008716457
0.00287208919583
0.00342636104614
0.0231443520967
-0.00797543072205
0.0338590366949
-0.0777152816998
0.00418096726685
0.00846840627123
-0.0233934584505
0.0156100032757
0.00368084253115
-0.0132133332901
0.00640170921648
0.00215165063262
0.0040546750289
-0.00845626075337
0.0134157651516
-0.0501227474614
0.0132875464929
0.0146221577501
0.109671639044
-0.0545008133661
0.0228976195986
0.019235685173
0.0273687942964
-0.209443720813
0.011836262912
0.00137050350598
0.064087826456
0.0400530729342
0.156696846838
-0.0705915079705
0.0325322821811
0.0742163814832
0.027078767623
0.0298170989753
0.0274462852037
0.0101437324536
0.0406824388245
0.0116722093821
0.0196115294531
0.0124888333018
0.0867410531139
0.00222921873826
-0.015107933411
-0.0573389028262
-0.0118648127961
-0.0154878600137
-0.0220247446403
-0.0150792922139
-0.0165748174042
-0.0421287447181
0.00185137187531
0.000796173591235
-0.0253864359738
0.00390679101669
-0.00644497264894
-0.0139656659597
-0.0196446351645
0.00586479407774
-0.0730626175168
0.00697445026048
0.0027844908924
0.00356606247715
0.00495477964575
-0.0200421233937
0.00308709718543
0.00256604267257
0.0125649257713
-0.0078172930192
0.00399650701749
0.00669741303121
0.014200726052
0.00404610704751
0.00379671713451
0.0028789809391
0.00244690105095
0.00813032748935
0.00457085108355
0.00146371924477
0.012168315374
-0.0858339794785
0.0338179754275
-0.0147635112409
-0.00980361399576
0.013743265639
0.0106512316683
0.00970434055364
0.00596074834695
0.010186720835
0.00759868599484
0.00231193354743
-0.0160381142654
0.00300533772431
0.0133865800935
0.0135964822831
0.00718046799002
0.00841890908449
0.0285383893625
-0.00620666763982
0.0133116030335
0.00598709132816
0.00635315081925
0.0080754264354
0.00430137073141
0.00337755787593
0.0172615227617
0.0102382374076
0.0561157121731
0.00425794499007
0.00896516630552
0.0224954091074
0.0109342961515
-0.00159814898111
0.00546448913954
0.0204181999537
0.0129876064799
0.00685685568165
0.00922716064095
0.00462215431084
0.0214076644484
-0.0391319669596
-0.0138908695569
0.00698343418887
0.0172651339035
-0.0871505625768
0.0126296748903
-0.0116196489574
0.0038659537176
0.00796010900537
0.00394462870201
0.00183624701939
0.0316448348048
0.0108763837096
0.0311974273103
-0.0603824725607
-0.0340701232098
0.00872795135792
-0.0121704576764
0.0162929519764
-0.00963035840544
-0.00477506220459
0.00948013747256
0.00310201140736
0.00505589899296
0.0068116656399
0.0238177014457
0.0122405180606
0.00434562772945
0.00530007004097
0.0177439703128
-0.0367898445916
0.00540162711666
0.00344432374359
0.00671444190162
-0.0318982586553
0.00574411410804
0.00382480230602
0.0215780677098
0.0109782233964
-0.00878793914385
0.00438510728714
0.00724523569801
0.0122451906676
0.00790069168958
-0.0065471101493
0.00476748922282
-0.0256376490342
0.00985217940196
0.00459317501467
0.0059942668568
0.00355314510199
0.0285497202144
-0.0820505314251
0.0027549459434
-0.0325990460809
0.0184769921982
-0.0274921180186
0.00875194404877
0.00306774674549
-0.0104273290268
-0.0199928191136
0.00317190479321
0.0022088515753
0.0121098987576
0.00668495353048
-0.0253900767597
0.00224818546755
0.00421811546438
0.00548596384178
-0.00634854230896
-0.022699559725
-0.00303147341912
0.0124246249277
0.00825859058215
0.00294632004236
0.00369243397439
0.00141550872403
0.0180597994034
0.00784044639198
-0.0108178320441
0.00726070802722
0.00533037954304
0.00795411126551
-0.00351869637861
0.00658476201941
0.00537772026054
0.00696744507927
-0.00149878812066
0.00750780524166
0.0300021792639
0.0131416576701
0.0371201502464
-0.0692854905516
0.0129275573958
-0.0348928658572
0.0141869869439
0.0129016210127
0.00746021845082
0.020595080598
-0.00041336942252
0.00716074139904
0.010073919558
0.00413003197557
0.022196376531
0.00782862218447
0.00458769383914
0.00371085316764
0.0211582389154
-0.0185897087842
0.00510175810322
0.00469606682521
0.00293997463388
-0.00907270571405
0.00619879265602
0.00383689962556
0.0164003394027
0.0104464708517
0.0344486356391
-0.0164156522767
0.00666635900081
0.00751367338349
0.00559175928118
0.0106504514069
0.00356584499387
-0.000666211487482
-0.0147305049005
0.00425018255045
0.00281665409434
0.00467072304934
0.0165229589445
0.0034449366144
0.00255888377247
0.00152240875738
0.0108376858886
0.0025595073633
0.00379354352416
0.00258347241012
0.00172599913074
0.00320373949782
0.0012292124909
0.00117043285714
0.00438916361104
0.00467104746032
-0.0120243095952
-0.0323054874045
0.00426986446771
0.0029095820881
0.00609706766016
0.00381262309941
0.00150190513415
0.00393923915896
0.00203840114304
0.00156297364971
0.00112645230648
0.00202760021897
0.00665212730176
-0.0149630172344
0.00294661693415
0.00168567926398
0.00802672021838
-0.0364474342914
0.00338817950945
0.00195344346075
0.00325357684341
0.00514109318074
0.00335380991648
0.00168078595193
0.00843497805412
0.00561836929131
0.026464499755
0.00155807135315
0.00532179772072
0.00416952308866
0.00462286223521
0.00602671015004
0.00221967557681
0.00962535053902
0.00276562480684
0.00128661787833
0.00282028396549
0.00347661462801
0.00574508391734
0.00492220168341
0.00258481608345
0.0015626581285
0.00662095446496
0.00170960866486
0.00307354673518
0.00198733337802
-0.0150432409611
0.00278853299229
0.00278847276167
0.00168800287415
-0.0978714697407
0.00321844044504
0.0129499556788
0.00173463635267
0.00229554989236
0.00416691519702
0.0028745416881
0.00610653610808
-0.0127883708759
0.00517646413542
0.00208376266511
0.00178521780089
0.00184609907917
0.00187913192529
0.00827350441145
0.00997897914687
0.00665954800573
0.0127627799172
0.0495172984643
0.00823937404937
0.0217626236733
0.00551021824571
0.00991362893521
-0.0496875667077
0.00921855798675
0.00764026019505
0.0488958648101
0.017736059877
0.0726194564327
0.00750271189503
0.0121977465277
0.0317343493625
0.0187064300508
0.0287786491127
0.0177563320395
-0.00257244563881
0.0121697254376
0.00893220795111
0.0060535835907
0.00538527574871
-0.0335040884734
