-0.37715325660970006
-0.4640010087166905
0.36710565320023497
0.2962035896467515
0.38148741306783523
-0.2528992694046261
0.13119585802511494
-0.24143166210626335
-0.2599859143140288
0.36803576931027426
0.3488406886283731
0.21670609926593198
0.19649993073823147
0.1775542398158361
0.3472056824159796
0.08243289190402978
-0.4391312746803779
-0.01591521996303192
-0.07055446359780375
0.20893270551353885
0.18473930919491152
0.1413728863784083
-0.0767304469810371
0.23623401021112989
-0.3256785295083575
0.006452721142909051
0.164322747932267
0.2721206353169367
0.327358805239312
0.2393871085451655
0.12725391014237092
-0.122691001224319
-0.5936059366877564
0.2853926887666524
0.10757065362602301
0.233123435013137
0.3813313709375376
-0.031363032692504095
0.11369312550514413
0.026835516905808134
-0.50834863118473
0.21275240851148194
0.30335660586442326
0.16141188445657217
0.1384448482601517
0.10636403154154092
0.036121472239292095
-0.029507931766845172
-0.29951664205787126
-0.18090446180728212
0.22870842025471153
0.17492053944075753
0.040740323960463766
0.07068533905166548
0.20380972922521623
0.09379601645786272
0.3707745526954634
-0.2995902153731074
-0.04196204410580404
-0.05478825399197559
0.2118038717129899
0.4692048753115192
0.4693071786939452
0.27435362844027994
0.8164577827279073
-0.19971305520133076
-0.20264867624261743
0.4055319170496894
0.5556404359013497
0.5621708313654575
0.7780361099804303
-0.028376002953053668
0.7982115015029799
0.06933524568534413
0.05925463014445961
-0.014063960642396713
0.42232225404644697
0.7011545555443058
0.48395064923369663
0.3840506005166215
0.2634713694940824
0.13590252540221842
-0.16390667468128664
-0.2521150083185079
0.22177021058778654
0.21611879238051024
0.3017018504373182
0.7916494766429087
0.08598106027937562
-0.027067651710683333
-0.19546089944508024
-0.30995301214860654
-0.01228373667894595
-0.084528871808339
0.14377465037726114
0.6762837522907381
-0.03758766610105329
-0.24556285399429667
-0.09218302412854096
-0.4988475210356656
-0.1180574720869733
-0.31846199942981385
0.26638915414912595
0.5843003123620695
0.467157869250248
-0.12403344454264298
0.07325197691267527
-0.5546724291846721
-0.26506351938284833
-0.473742559878268
0.14946043608471088
0.4714502165217114
0.22702930170718646
-0.33092850487160935
-0.012607403132305102
-0.28007904300408953
-0.7922778164020241
-0.1366962989561537
-0.668343515083108
-0.03917410344128459
-0.22642055325125693
0.20815168011178767
-0.3905131174608523
-0.6243629844119993
-0.7178852168721243
-0.4872743986798287
0.005078404327339202
0.3205473134581514
0.2829185621097831
0.14268016821430873
-0.3645442263679632
-0.5596506722635912
-0.6276079542701647
-1.0470880250680865
-0.7808829018972441
-0.6618652375431301
-0.14035916729520678
-0.1363033359284397
-0.5443900689577591
-0.1104617032966497
-0.48589382150450483
-0.4636116603018394
-0.44980318859593604
-0.4213789408000697
-0.05267620408539137
-0.21551517331948866
-0.29377939077985143
-0.33946838015128716
-0.1784813921116354
-0.17459271371875618
-0.7496940096411565
-0.1766287061332604
0.061137130012804144
-0.1979311674913451
-0.3788055992962209
-0.33496068229340614
-0.4647316590807619
-0.10424255405933075
-0.14492643023701338
-0.2907554465826422
-0.05969824825591098
-0.16962627760891597
-0.2540983721410651
-0.11167079808815995
-0.14611815014194018
-0.8048459515336404
-0.5072759475510469
-0.2926843889339691
0.16900652147368878
-0.29402107129156185
-0.3707780821419231
-0.31191244016269465
-0.5022898054314759
0.10150366805332628
-0.44671430284755875
-0.7920649031034612
-0.30437432220246896
-0.041943865340445294
0.04807624220273066
-0.10265887390713795
0.0017871788276425985
-0.11358801782159214
-0.24691398645341367
-1.238721420578929
-0.17350238107966634
-0.09250189033593795
0.11555852073462433
0.06759962834796714
-0.19079143531266168
-0.03295641567373657
-0.23076604974181536
-0.33744321038106334
-0.3039776541126043
-0.12412874011766399
-0.020335683693371426
0.32197080907929515
-0.044449834007850304
0.01601825807848373
0.06710770895994271
0.6675475042233289
-0.34039989843242474
0.16343071144601382
0.13284938973932173
0.14596550016559848
0.2323303337238779
0.001419296704104506
0.12271169680596383
1.0116426313226774
-0.11299423105580554
0.3536600807852737
0.3471352724778394
0.13442110120496026
-0.2558717705595864
0.029406340568919907
0.5274190597599424
0.9392206949679904
-0.19223241183350365
0.3793069886882056
0.38249680246215845
0.40372315563779365
0.19443202419419836
0.4870476443946316
0.7599847687613074
0.8286893787493181
0.12332624662920119
0.3437628915192588
0.3982853966267312
0.7063090240560779
0.20336515993344498
0.4191446987408711
0.45020308419692634
0.5513561759581094
0.3303144153202441
0.49627071502570874
0.7645360292797125
0.292653380392852
0.47778627741825386
0.4098597660001595
0.5344015753411772
0.4202909190430616
0.5909791756256052
0.41776606258927207
0.6493546264650633
0.4433423986899729
0.6975880216166275
0.31872703569182953
0.3442145675564157
0.08935400435352955
0.5326919327681257
0.8471002376301339
0.7077256825211432
0.8598916466674879
0.7107281074707208
0.354092746281291
0.18566363621842683
-0.42867438892133736
-0.4471437951428296
-0.1888540223265446
-0.49626407189826377
0.1045659433868808
0.4036971009526104
0.07897579489033361
0.49472220375236764
-0.34412388372238484
-0.5845033028756732
-0.0778027004918389
0.11174843756031774
-0.03683334433786872
-0.028484821360028334
0.30402934680727267
0.06783964496637762
-0.18299758126459553
-0.5835201452532676
-0.6382859966021258
0.05035528957447572
0.30814955501003355
0.08508416454328796
0.3495040223994076
-0.021498815504782703
-0.008584302359019176
-0.6155254451518629
-0.21169494073833542
0.17824281860387872
0.0618176427891984
0.3539104723601593
-0.07150195958459818
-0.046966133293654705
-0.16730172327934095
-0.4800544569966519
-0.3845206802001151
0.10253245903544829
0.43716349352676004
0.10860205423895773
0.12810384098326677
-0.23857260535137687
0.24693327243592633
-0.5978870179105791
-0.10088397461768124
-0.07017331324856703
0.3045019226944133
0.017053804629618405
-0.039766933908483335
-0.2430865925698853
0.21503153728998217
-0.00890162567256929
-0.3736037712169288
-0.06720021096183149
-0.22824242098516415
-0.5496470126001497
-0.3578730832040937
-0.4416260917335434
-0.6146327080075031
1.0664154467941143
-0.13687519536725526
-0.8414878072317071
-1.3755696620148334
-0.2801906876626137
-0.5884143146090346
-0.00454889954717657
-1.4046944111420065
1.624533647775179
0.12485792433388815
-1.6237825600271834
-1.3587467003607052
-1.5128501021833207
-1.0310833646440143
-0.6279586986851431
-0.30173789544077523
2.204023571189934
0.9444226587329864
0.011690308698000241
-0.8040530644898759
-0.7913191474492016
-0.5071407647023383
0.015573879346681321
-0.2564829224215306
0.7464725506372732
0.12416705875366325
0.11307123730873252
0.15944663568887077
0.16160078782508397
-0.165422888799425
-0.03036169495612732
0.183180934900075
0.01433914917205581
-0.2515816399385485
0.28222648601611744
0.23847680662895904
0.221101823966329
-0.039392720227710364
-0.2164896018596479
-0.28154695440219984
-0.35079611785216375
0.0402836755272902
0.38601877857818173
0.25533949092721864
0.10931346926521458
0.42930797511178176
-0.21507801842147117
-0.19575440560048096
-0.3729511305562098
0.08561411690724768
0.010586252237621344
0.5162826851447955
0.27034410556282584
0.2425627369074592
-0.04966681088410654
0.0451741570354646
-0.21924051659526164
0.19117296181463408
0.14724220028153134
0.42459957669710635
0.4398431388843502
0.26923373347686275
0.24228751171310442
-0.3642938298316224
-0.3044047515221903
-0.23383329268447375
0.166209511472628
0.3737877927172622
0.6209521780730398
0.8885092054007463
0.7700387848941819
-0.29822293287389057
-0.45295838133199107
-0.22250625359506881
-0.6827720089576371
-0.6309383724083457
-0.4129618529069899
-0.32847287006970577
-0.5121650507805875
-0.316065841794166
-0.26393928736526867
-0.3327989070083864
-0.1669595885638574
-0.22970184739157662
-0.5214355623798762
-0.06375216333351075
-0.5915490270997716
-0.17682125954924732
0.1945935536137044
-0.1738758403859522
0.18332632944366067
-0.031458742676261905
-0.0451014394975477
-0.4385310722551937
-0.36251681946050324
-0.5031268092189163
-0.6371499349690529
-0.3261099607651757
-0.47487526395808
-0.11142731999684821
-0.19315361087258998
-0.22891826953621833
-0.2907382127502798
-0.45662651642877217
-0.3946737281927357
-0.5204892563439182
-0.5034108504195774
-0.40249040241218564
-0.20655905435323763
-0.05281681661529367
-0.2909932403943972
-0.355269009863072
-0.8585293260766974
-0.1872128689128769
-0.1869738798852917
-0.13942906599094732
-0.2658758332205708
0.17012757374845627
0.16979983190217765
0.09097066323145235
-0.913131670482572
-0.41116549496207627
-0.3330798165662798
-0.01849415636904304
0.16765030375817017
-0.02162530386412024
0.5173532030328342
0.2444453126085439
-0.9172286308459218
-0.29745230356788216
-0.46952926863814715
-0.06690609935243386
0.18997178292030256
0.2907760904328795
-0.020453314760244562
0.34571069561337725
-0.30244436824334003
-0.07514851427097265
0.23080988786556333
0.061645851637854694
0.13936667791595647
0.41908328169283454
-0.13984594085806115
0.5060851191504925
-0.03811502969008991
0.08742368227916335
0.15026451405738148
0.03593618436009458
0.29748346168666256
0.1837263915732462
0.3958880394791553
0.2856052418091501
0.33501230522056563
0.07009092638984202
-0.06897859016156137
0.061984737999320215
0.6366438092783018
0.29638690245166804
0.48014681224127687
0.1751249223949533
0.513046982321544
0.445234480995846
0.3049997087073422
0.21518114151919965
0.4453528175029635
0.7260060162635641
0.47459552495086754
0.0525196514409593
0.49487213811621383
0.5714430479595771
0.26986431895155744
0.3694803351738188
0.2855472097949313
0.29643499469728407
0.45335968096296886
0.6180035147788173
0.5281738895128166
0.48489715221545776
0.5230825826122016
0.1845614570250646
0.33982719896983443
0.6923599786064811
0.38881462631862485
0.491226637481427
0.2650849774141041
0.49011152925824364
0.44959490890490017
0.40548043735277983
0.411922549565317
0.26850652753045995
0.5047024380982829
0.5190926013549529
0.38613140306511995
0.4493228565526222
0.8331948760722293
0.8464736012396745
0.5041208392949481
-0.0901602787679101
0.29296841494962816
0.7068135662421118
-0.555362044721671
-0.2923329489623652
-0.06836409459711922
0.21158357299952443
-0.1718155488092384
0.05057593584826761
0.5726633354931635
0.2236710823456024
-0.3736333244759653
-0.07933461090161763
-0.17789578997992803
0.4087877848657051
0.2313091490840678
-0.019776215255130257
-0.05335954926659081
0.010593883216988544
-0.2505304436893033
0.1544041647118577
-0.04557015783263996
0.10454117375273808
0.25232914671191575
0.031075558912451427
0.3300394390217425
0.07007137295883148
-0.3078978155326291
0.1442800397746187
0.3500518571841028
0.1816866547754877
0.1830441175275859
0.3017728090371437
-0.06978906030590051
0.21099547889881257
-0.3184571752075238
0.37763629125591364
0.07620529543259615
0.3933874439801261
0.3186455390811182
0.19152768863753064
0.14126961185285575
0.5522340729797396
0.33860118356628216
0.35373166968200226
0.39442297159153855
0.1174213605759139
0.11779127824000778
0.14141945681051737
0.20841818157629097
0.3012281630387452
0.4769032776212382
0.6037000918732699
0.32054976439831523
0.33019259822334557
0.18564828664246263
0.1194666570227562
0.004417610173052642
0.514383038691147
1.0020984970935611
0.5954312705226222
0.35431507826480296
-0.06459965937782652
0.1935320783950435
0.25633910231812673
0.2939300021586291
-0.4183610387230607
1.1733270961476039
0.7773230209107704
0.36526330925835204
0.019361082536304156
0.003942937472895815
-0.17416917574021573
-0.4850241322282131
-0.7915663411786119
0.810105069463448
0.4605998248416639
0.28402204586444973
-0.26992741818457416
-0.469387813219999
-0.6508399455034066
-0.5602200529571033
-0.3670543357198405
0.40222202254652456
0.20439089194117072
0.1885762237870961
-0.04541215882051392
0.040756042608459025
-0.22350394968504692
-0.16280543183053273
-0.06655634546452577
-0.4074338330050298
-0.19713021033222938
0.07466701491324594
0.2961161751188053
0.022549699687966662
-0.007917529451100748
-0.1629605628480342
-0.24688835559410724
-0.3530414595684402
-0.009176782962007066
-0.038218127050343206
0.14880221430790191
0.21157879270779884
0.10645152219515126
-0.15493715109243458
-0.03432689689056961
-0.5372654112143335
-0.05779672386714144
-0.09221030485733041
0.1514342677189034
0.5114073240291225
0.09738444988703257
0.07426074339820618
-0.02681227918586871
-0.22032331375300174
0.1747823608672246
0.22043507564747283
0.2405460660434354
-0.16537540108875304
0.3894635152307255
0.11532021097222579
-0.18191058285164718
-0.38881364054951906
-0.42635058622333183
-0.16517962597763555
0.29450943335701646
0.4155182893963453
0.2678556377847702
0.2781923703007393
0.8036785012597921
-0.38105336328447054
0.20501104018681887
0.40185216462978507
0.5249056658592468
1.1821263601283083
1.1044033665956015
0.9172720035955995
0.7098592698482821
0.15369955846858957
0.042840236353483385
0.48851881683377874
0.1582810780525051
0.5645256382394387
0.7547977091043869
0.8663003019571281
1.0835257569264247
0.19821271216464142
-0.025467605426928636
0.2116137230084877
0.4194476616016272
0.4105248796792603
0.4364261705714162
0.8820158088760137
0.4391037340185429
0.0744158158912255
0.03934451493070972
0.04314505214094837
0.523002465453624
0.2950355508441809
0.3794869127483514
0.6300699182191493
0.5787929086105538
-0.39699779570489
-0.14229938136333037
0.10493712481604019
0.2603675025647079
0.08095444316336527
-0.17446970775362042
0.1433694121194457
0.19708685960840205
0.18163272340593054
0.27225905678335766
0.01290907102349086
-0.30142196861165915
-0.3360876194040525
-1.0919359500551302
-0.530531254873512
0.18054493168606212
0.021543508598201696
0.09511549041643878
0.11155873226483638
-0.10034788228434642
-0.295316191542969
-0.5694323882549416
-0.6380261232626523
-0.2863853132121032
-0.05532139930910241
0.38107374996409626
0.36186764129548266
0.5961678595307276
0.15142908322686638
0.125505387856963
-0.4475534045588611
-0.46335321716344907
0.6712227767766381
0.5622183046836231
0.4119669517465679
0.1920121831981922
0.27978871009229167
0.08828943188511158
-0.09683432869729033
-0.5721957729977206
0.16932535506799587
0.503662227412347
0.07298626480554317
0.4083626089611257
0.28052872038318344
0.07592030713813347
-0.6130395516546308
-0.9977150187479609
-0.33628659131159244
0.2933811530183101
0.41150950058133223
0.05312700002940379
0.26303634094665707
0.16195867689851629
-0.3783781175437928
-0.9045098797445241
-0.10930276060861414
-0.08932319944327499
0.11189986576937155
0.2706462004093973
-0.1302794975707719
-0.1335892623695058
-0.3853520717264978
-0.5568664795812185
-0.9360857150207919
-0.227482702390728
-0.5452579890286304
-0.09152697264463933
0.21086773826066024
-0.28846075740372257
-0.7346358400837744
-0.5287005709734252
-0.2814711529369345
-0.8978352062359931
-0.4622766635065807
0.08307159028707263
-0.02842441832314325
-0.5361368125849504
-0.48140135636013015
-0.5873585556579463
-0.5605041141489269
-0.2808394090593837
-0.6820733070443751
-0.2583408536875328
-0.3623827767196692
-0.08264425271503174
-0.180206103653146
-0.6531691263406172
-1.0762567059043826
-1.038394667044241
-0.4537251800152463
-0.6855569747459429
-0.49855459257636425
-0.5997627879489925
-0.36252136737854146
-0.5005124148019425
-0.37961069533208475
-0.11686531854056016
0.2704069442460439
0.30926014926629936
0.5387194957675504
0.3304891099051768
0.26963344052519533
0.31837397359195135
0.2384821452115821
0.4079356321656167
0.4403339294114672
0.33073175662454
0.21075076260606235
0.0955671806483255
0.20152177207328337
0.5721756280296841
-0.01570953574622118
0.2939313983220006
0.41965185179503556
0.3207659547784621
0.30821483795261717
0.23660943597296424
0.16700151201856764
0.09479865736814488
0.5017107947633217
0.25353213351779896
0.4707595902990871
0.6134554750145953
0.163394121925672
0.17180622831918557
0.14510468857904368
0.049103789654464464
0.2523000158038303
0.40791620917558064
0.43212077068385674
0.3697072801784139
0.5760774723628241
0.5512591619096698
0.03246352117472387
0.07840330042551966
-0.17683815733047153
0.19214695167078302
0.4019177809458326
0.2051194951141765
0.34350089472052314
0.44730307645097905
0.47209160714662696
0.18762062614250816
-0.04199732785095791
0.16622885354886296
-0.1709486343028389
-0.02260604453866965
0.08680967376088745
0.2520149594202559
0.49908982281952763
0.34052702957122205
-0.9143767193715955
-0.2332328707282832
-0.3632241658954744
0.011668712228233399
-0.08676676870940539
-0.036776584869373755
0.20388421414233024
0.1062925087942148
-0.4687369753477753
-0.8314936707655348
0.27928978344519484
-0.5923991162670014
0.06661199968830672
0.3942194589236462
0.3284815271061063
0.33412017828069007
-0.2568911948361699
-0.6614874236908923
-0.2677076306084159
0.22962325177841356
0.12034921481141034
0.4464152979399102
0.3848648777901155
0.5253790214183376
0.19071077454417887
-0.30692781280888726
-0.30247941323063937
-0.4336342016644731
0.13158841540429272
-0.04846440090723364
0.39524279996639844
0.42887043119972246
0.1105491403284756
0.0006188887253593568
-0.32313856611781244
0.037517468068484355
-0.30210719719393286
0.1626485775811266
0.22299099589565735
0.38282662895996916
0.04613695443610167
0.06051866995953905
0.028712990311790785
0.11203394820261132
0.03353797859961118
-0.08984978190551358
-0.179965269160833
0.24103945104170268
0.07045085553783557
-0.013990701257638032
-0.03005057701812026
0.08033925133148066
0.09555838846236554
-0.21275851261116766
0.21253911940674056
0.24967988608922204
-0.07711545475557123
0.24207144552150145
-0.006350421010264422
0.18250230566219336
0.09416296971740924
-0.2824030676111631
-0.19755729545892142
-0.02654300282466506
0.005625237707494788
0.03592460286339254
0.13396828969703703
0.5190882216214945
0.2537729378376307
-0.21734332062896672
-0.09793870942353804
-0.03505686162448273
0.025847764926529477
0.23861930673725434
-0.19889172792247461
0.0002478265011103705
-0.21090748216077648
-0.6104940550488349
-0.3369305966601684
0.37799079573857014
-0.09258456589859852
-0.12490117026682188
0.1054529820969314
-0.11080105472643288
-0.3712211015028946
0.1022949541403914
-0.6284145730618477
-0.38075736325016263
-0.09399710373995349
0.1648666688656059
-0.5080530810376197
0.016754434861657168
-0.6224339990463595
-0.29170976764832074
-0.23739863157768096
-0.05137713495880727
0.23773651103574275
-0.6020845752431211
-0.3826108966933039
-0.5012238107451548
-0.4641353231526686
-0.1221174848121497
-0.5501253874757582
0.05108680356030897
0.30950845461634
-0.19264137893158054
-0.40558148126763105
-0.7132454457566401
-0.7172641510568041
-0.7625980893311457
-0.7295061042587064
-0.35244339827215754
-0.3163450731705921
-0.1789219719484346
-0.16235040316511024
-0.46524156374591447
-0.3519029291761904
-0.46268239782843046
-0.4382127175619324
-0.7056919704838932
-0.20973472495082263
-0.051490545650898514
-0.08308197873218563
-0.009753709069416139
-0.5145611923512693
-0.5440275033343003
-0.2501988452863747
-0.46932308510945386
0.4796305426325861
-0.04325026867146558
0.07813746801644782
-0.018379870764626976
0.13120885451271336
-0.15810684625374774
0.23547085812198212
-0.08096330060301027
-0.11653030384961553
0.09679403775715638
0.11850064813259266
0.354331044917457
-0.010037045873666509
-0.1624980809761824
0.5199230408729065
0.08823652965555169
-0.17036652152628662
0.2513700175548441
0.5221386749145203
0.05058114365491832
0.16046778615653476
-0.16272094106184498
0.17552604586176765
0.2418178416041292
-0.223395008755604
0.325664191813216
0.5516629962351455
0.11176292998052657
0.2927460554425198
0.30579569477266344
0.6471864949135323
0.4497628385979534
0.09200662041949775
0.7087284549752869
0.491472014860046
0.42053340227073877
0.31730658203613354
0.20685511316185526
0.5099773984001909
0.687411508179409
0.05311983025748118
0.5046369037603535
0.5273032053150083
0.24251640218303905
0.15879797049851124
0.05462334772358908
0.6486165858770822
0.682872224975089
0.7125143827430405
0.5804134831771536
0.5964171546732634
0.3673324430076029
-0.36512894762018017
0.2409878386393662
0.5239826347476149
0.693972259779407
0.5621127135613003
0.2324741241206762
0.4263285043381203
0.1974831946596539
-0.8419185978282873
0.3127398895332638
0.6449683251415548
0.5815871997487306
0.2842151977397083
0.8157401942294232
0.5172061314037422
-0.936626640841026
-1.614977391142061
1.165442465853807
0.7355666256221338
0.8130686442046821
0.47913971017587986
1.0547183201652335
1.126245221052153
0.4770388547473287
0.41382295746553477
0.6277293829744367
0.5004623494237235
0.34203854623831614
0.18548594370757104
-0.08179667649552837
0.23235735728825282
0.20171119629964687
0.4150742751217252
0.16025014641638408
0.17555266545401782
-0.20080791197281156
-0.2258171150871041
-0.17482940812571596
-0.4742713772072801
-0.39127651720001566
0.14543668201098767
-0.11097561582695248
-0.308053360252078
-0.30548491590179633
-0.6382899444535218
-0.8163989202898072
-1.0451237351260985
-1.0713327666811536
-0.9461202351684453
-1.0203898756931686
-0.8311603904004459
-0.38756138986077737
-0.5503541117714598
-1.0884763523431338
-0.90778609678013
-0.5086680470158738
-0.5646231179953266
-0.3883927550448901
-0.2311290540427617
0.16829559781644332
-1.6609919805883442
-1.4136305366735342
-0.21191533173422916
0.22996953228437575
-0.0365552344353814
-0.4982365159236997
-0.3432358462879155
-0.4564604124070206
-0.305413374706184
-0.0985645292724996
-0.12508432011301526
-0.2529433217385443
-0.11648026192949175
-0.13223174646297117
-1.005515189458506
-0.9504774285841648
0.01250874054134488
0.11846617889916602
-0.2239427430601614
0.024554997000276076
0.13730887403338463
-0.2396488846299916
-0.34031441110892113
-0.842677142033082
-0.3496298309175636
-0.5953079546950741
0.06011651884076329
0.15612404458923507
0.007126701263475991
-0.28963436270290366
-0.22297901338954956
0.15109135722875366
-0.48938051477044586
-0.20724441192461018
-0.11908597909182253
-0.09468618192433437
0.3466505651756744
0.20234877335944235
-0.17057992656705026
-0.25167906857160177
0.08510333453625663
0.10259482086493842
0.2544551247366723
0.37606916429652204
0.2401991004216347
-0.05023398926828126
-0.45263705596231657
-0.24719472138067733
0.0603585236034916
0.4017308308627714
0.11681898083050635
0.34356761250442425
0.3162885071387233
0.09721056871385678
-0.14290277219028813
-0.00753237632675523
0.23887583076590296
0.23263205960911046
0.36954450439526904
0.727422357727987
0.45036313730835503
0.18472560967463716
0.6048033688966541
-0.047219036480879356
0.054861810669973844
0.35102665971967734
0.3884125855510748
0.38126382761415967
0.4603614761839374
0.3458947130792286
-0.0886666830063212
0.23284490255670548
-0.006936244394397761
-0.0338809120917877
0.11210626574036364
0.38881505914178455
0.5892727703404147
0.5349493495527611
0.21064713298727572
0.49633731452314095
0.46265968140208996
-0.02879235753915354
0.2565146204166768
0.0914313630741393
0.6677234020505803
0.11082789432209704
0.30813691974458757
0.604161264665031
0.027640332382954536
-0.07707878548240424
0.148498263174088
0.21284288871484067
-0.18947498721998499
-0.12031447675571351
-0.13038396389051277
0.17673647422686609
-0.08985547406653083
-0.3058576787762387
-0.20132909978924474
-0.5045221030390253
-0.3078988310549931
-0.30134343977161926
-0.41281224591481824
-0.1430419914416466
-0.5334596973077136
-0.6133722245066113
-0.4832893651680849
-0.5637494170005247
-0.3560318180637364
-0.6690200990542028
-0.5228391068826402
-0.2492161279070866
-0.28193778184662716
-0.27001921203234014
-0.29675565316975877
-0.17708498668722972
-0.4711225598579647
-0.022340297834228355
0.32767204351952006
-0.08608387853752825
-0.30324995666626525
-0.23249389982253457
-0.2789023675083238
0.1801354810075552
0.04075559557300798
0.24772627143520068
-0.14595137332889366
-0.4861207501191818
-0.25119309041484894
-0.22764580589562552
-0.2354510960996924
-0.07983376453769536
0.07961426188292689
-0.1837774657797294
-0.17878658132043226
-0.055528285324269906
-0.5502889851336852
-0.5005262540577764
-0.2630462402442217
0.2910515746727095
0.12125830028673663
0.0787702720022869
-0.16809566179046256
0.09388562236395578
-0.6358706948448845
-0.48575112769232787
-0.5211276969973474
-0.19346640710881569
0.12493885224075964
0.09747333582000467
0.05476001954741541
-0.023999493513042366
-0.48683396043482213
-0.52348460269009
-0.758455701605547
-0.1586130631981512
0.10121112128497119
0.14519105924155853
0.23499657384739756
0.04272960688045006
-0.5800288796865034
-0.5358974257040474
-0.5986927793304359
-0.045102907514354036
0.024134030602797132
0.0588305784109554
0.27214607832362986
0.30347986688027573
-0.04427328550798841
-0.11913265189770443
-0.29584013562483424
-0.3244262998705386
-0.08043952969834993
0.07539496741465247
-0.018545845836347222
0.28480003880432964
0.3879084024679243
-0.07771395906827934
-0.23809538526642846
-0.27563910923403223
-0.04500286567226149
0.28846347436009995
0.2485998991514085
0.5863053477534467
-0.02709119256425351
0.13189542163071596
0.25317602338436296
-0.37068616574706126
0.07909806742659346
0.3415682302042669
0.42846747610353875
0.3487351244145043
0.24297474385159437
0.14653996665893604
0.10518949765779029
-0.022372726813475317
-0.14740776615100717
-0.0620294597569868
0.2455490039762043
0.32816809815919085
0.12248787894061673
0.21470365602957603
0.4650565485525877
0.7679922051132103
0.8627855950298765
0.32446400393082664
0.5311372682151019
0.3460155553467949
0.05459208722340984
0.05866267969903107
0.7186826646755174
0.9973906687925871
0.9102659707006189
0.5450944397728209
0.3793438207288842
-0.03284292462398335
0.14581878023028816
0.16250021088589992
0.06726613806661269
-0.13584470201549825
-0.5259461152961353
-0.7801145922832646
-0.611536459892645
-1.0683094108079465
-0.25248469840203547
-0.14308196616157728
-0.25146321279616124
-0.2639327818938835
-0.14463379918431743
-0.8169476489685479
-0.5508967620897987
-0.42128177313228193
0.39842478138090437
-0.23988678076368256
-0.27432023994704785
-0.21349006025891565
-0.7219624371585567
-0.46694043233422383
-0.07943559391525291
-0.4367085495898269
0.05315846616274224
-0.1606749150568958
-0.11181768537263545
-0.4934534282973673
-0.21140802053544816
0.03752481503912708
-0.34502817260527624
-0.7403677187132589
0.436866406121278
-0.11809661154868646
-0.6140909962376235
-0.24294665051603045
0.036189148513458703
-0.17200050636908606
-0.368904227656978
-0.9428853450453394
-0.0003614453640789585
0.03785552578900146
-0.06598143430726883
-0.13793130562033404
-0.36179825106143965
-0.06630373776133025
-0.171672316099544
-0.18363467776862952
0.050827396748511715
0.12819791421167812
0.35874818833307176
0.1380008774700364
0.014412405528687305
0.07692746596568233
0.05602064303651968
-0.2613757747737627
0.2028324047505758
0.3119713724673457
0.2916838286168911
0.13194886207386242
-0.3159257801434777
-0.18070308668140359
0.036260474062973724
-0.22275339969290733
-0.04642236492464468
0.39098923001854835
0.736465981133399
0.09882162577011148
0.13706515246052217
-0.03607775928489136
-0.10133441057419632
-0.7446824405593093
0.13269330603376947
0.6592488138133101
0.5318728460715244
0.2984396082279894
0.1106968388715789
-0.0409216622385194
-0.111998531846046
-0.8099141121751668
0.3304082878258499
0.3649983746445309
0.4041163288423914
0.3891925327395465
0.1493116062009915
0.3020384466349125
-0.14987581451471738
-0.5268530729024665
-0.21109766226353946
0.6532160485050772
0.5660834714803036
0.379086683585876
0.4593178308740761
0.12223189999934357
-0.05266835163476692
-0.3901387210812855
0.7364328509591338
0.15703873842945987
0.3827737339419837
0.38081488882825243
0.11924797579234721
0.0648038843081734
0.15141578125714208
0.17162750851624653
0.25173908481344953
0.6215349956581101
0.21292430691872347
0.16308653370555118
0.5448353742987205
0.38052799479673216
-0.009641687638399713
0.26197092572611447
1.1959754518704502
0.06575046360942688
0.10950134640461891
0.4620209571510086
0.20582054135125183
0.18321713095850745
0.42887693742972793
0.40831249187490976
0.46272698291131326
0.8974128583758645
0.2584513271136546
-0.36432662771562996
-0.5430808787798593
0.259455188618867
-0.10321471033681082
0.2833093740235169
0.9925834941036644
0.28509726352202597
0.6680774371075981
-0.11706479566931433
-0.1018733899325631
0.00895013241109142
-0.5594885353704065
-0.11482730138175551
0.14657090534448494
0.05264657695526587
-0.11804740439134677
0.24004859580435944
0.254000182297726
0.10209739606278193
0.1873225779634061
-0.18726317220572306
0.18701473375588093
-0.06871327361855438
0.35157607349946357
0.16534830746875132
0.306114308163403
-0.15886216740798378
-0.1511069015439923
-0.3164674936441477
-0.022908397386021982
-0.06842444138049526
0.0671284008115757
0.524607663882626
0.21265736596592966
-0.1541647407491422
-0.14453203630217354
-0.49048702401472144
0.03196875082290051
-0.06075481614431733
0.0005213246716868891
0.0920524839402012
0.03157137259614538
-0.22768296502044752
0.08715930187034185
-1.1095217969618811
0.14631936740967627
-0.05287460301552896
-0.005760071680353848
0.4822650931918414
0.3480898127890646
-0.14424093409937971
-0.12748312320457822
-1.4147563090766029
-0.8295004876898656
-0.2523164055389709
-0.03060164925521449
0.027224796906447322
0.2751506550840375
-0.12860579917810683
-0.8678730133904505
-1.1472026110494156
-0.1650316932652761
0.043223013103460384
-0.327086636752471
0.0720954968155801
0.2795448721256502
-0.8543780782561747
-0.9540721632115655
-0.6049590480949791
-0.09523382477394687
-0.16925429431219574
-0.19326141999671928
0.29083902610517787
0.04349312191580893
-0.7664069604861713
-0.7711311086965783
-0.7828796924730589
-0.09007529887083976
-0.36217257079889603
-0.26513008901757823
0.03282378808389842
0.020855396106727705
-0.23149330954447964
-0.974176087781869
0.01380824738388295
-0.25010370859276654
-0.7171253974552927
-0.4043605241726854
0.19164288968095292
0.1529270961236049
-0.5046212378377384
-0.5690402405700729
-0.09576971484973154
0.4455406351494192
0.17348518259309537
0.2078743127519158
0.3088906286013056
-0.061780579881564004
-0.22818460588761544
-0.636471023932569
-0.119959161108712
0.47203624571612857
0.23658926873907296
0.2735470148376635
0.5033134511984041
0.39792873382081556
0.07652841588557485
0.016476724305011504
-0.7482250828661867
0.21553819124537468
0.06435148815133115
-0.23095127914172606
0.2780658891103395
0.3186975439098853
-0.21765352885119257
-0.16920218639394657
-0.2433499173787191
0.47937745406460996
-0.14115935547522124
0.5321383032240583
0.1623609006338237
0.18444545132223195
0.437573574882978
-0.08602029745100212
-0.08029394499726568
0.2247114394739159
0.5683791779591094
0.1865016053027504
0.02652986115151492
0.6934817563855273
0.34106887602557107
0.4722212785952952
-0.007223984434846799
-0.20345959802832278
-0.24521835981682313
-0.1071750523401897
-0.13309644143162078
-0.3610834591051765
-0.28155201581471234
-0.3243027344285525
-0.20247789675194675
-0.09006165683223254
-0.2659711392708433
-0.275418848616562
-0.15034556267146357
-0.34804401110575284
-0.5125617237483621
-0.3614019042992553
-0.21982629022433603
-0.22172419075537847
0.31777100029027555
0.04672594142462085
-0.23226264404889696
-0.23473535738884643
-0.33717069185848364
-0.2223270497521599
0.13295675927500572
0.12402544339539937
-0.11669721626837831
0.04419797896077086
-0.22925212918475435
-0.18307106112597504
-0.15762972452105628
0.3571792585237015
0.17338827433814377
0.2681845793175255
0.37234709156137147
0.2326696987013158
-0.19727829170357172
-0.050985182760756254
0.0904344256946584
0.1868160847864343
0.09253372484105857
0.2634717933559945
0.3822737537417712
0.24869505784914092
-0.002532876226128262
0.30985756250821045
0.08617023571738378
0.6777929803994516
0.118645114222582
0.733760580742259
0.358674911621942
0.3824828492152113
0.14417434311771535
0.20522573316375797
0.6000652356206504
0.46302697578445623
0.5260637964718908
0.19833870794057062
0.2573780489032765
0.7876943561990226
0.3909392836272488
0.5224710360850835
0.5614589126529483
0.7951991209896813
0.7535507414624973
0.09001340759722097
0.25562445907357667
-0.15627278791928725
0.6378008090009158
0.6104442896193474
0.17900367362956215
0.42911823626125456
0.4184887494650183
0.4038564282244433
-0.20117477571195794
-0.7151994543815068
-0.08384946326910467
0.23207794107549562
-0.5374544133413833
-0.580908385900844
0.3031060087046119
0.2928851038180863
-0.5342854425492397
-0.9121019726279636
-0.20695103030136766
-0.2477479434794929
-0.7065022910309828
-0.31974774459742744
0.08863941309007554
0.4507148890217417
-0.6773625437200028
-1.0875409083483134
-0.38438013858285763
-0.46529840011108065
-0.5984114228320907
-0.6645462094028389
0.14610985970749393
0.0062746229966493755
-0.3037943645113674
-1.003735514829833
-0.7387970951591446
-0.5078106308754702
-0.2331165730315178
-0.37158425224701636
-0.04800555948973435
0.03142393188953121
-0.3074923126463445
-0.8162229008792856
-0.5314178568379364
-0.3323229981012074
-0.16657793293837067
-0.2833535443433287
0.0714307772750366
-0.044891550357173925
-0.3467259787594923
-0.43896418508960533
-0.45093470783700584
-0.07122434929771194
-0.3451559609454101
-0.1910726011241816
-0.40218128139847725
-0.013560356906178536
-0.25814305173144614
-0.27132988042280953
-0.3017898701104921
-0.32207157895996097
-0.02804167474811868
-0.21309381997116478
-0.22260663810065381
0.20910043026870817
-0.18230433370932736
-0.11943172819120063
-0.10472879330356664
-0.17619715345799
0.13860145810173757
-0.8498415980894872
-0.4364865786737869
-0.1561786851831842
0.25867501322647557
-0.005592827123178443
-0.14241719440350703
0.0757429109140052
-0.04910940835037914
-0.2006094790322338
0.1805321456118444
0.39903762514081953
-0.3224302080001304
0.24304826667792467
-0.043600062972000406
0.2360022022735662
-0.0859486044825085
-0.4005586668500464
-0.07080849243794374
-0.07963939950770216
0.3353705798409569
0.026921789824002982
0.05645861904233699
0.11217532943970292
0.0331983848554571
-0.27585500678738417
0.40679137587709757
0.1080306517264946
0.09013739710426114
0.035396490761004935
0.10536346493092134
0.186399989659713
0.06226025402632321
-0.007494338846547824
0.376820284979834
0.5069082442810044
0.1884732175621399
-0.00632791690351327
0.014775849012830692
-0.011920965020894134
0.32712533694151097
0.07691557002564284
0.316411181003133
0.548615914741399
0.2046815847906527
0.22790429496582176
-0.18427661688612904
-0.049728629556152947
0.07069280439260191
0.1915130757438035
0.5539686379012652
0.46089414623300357
0.6396759155737316
0.2090094748482061
-0.01137468274020523
-0.7143652495145272
-0.0867107524440035
0.6715161761879902
0.8773981694772951
0.294774386947969
0.7846659330321774
0.40866255355504916
-0.09332692430838592
-0.6481245154778329
-0.1477574252183966
0.6610691558990004
0.26451389918539964
0.3814878226579384
0.330329362339411
0.16361716660365927
-0.08561152161283608
-0.9811079417056381
0.21539232946557216
0.3567589423462895
0.6120240293242254
0.29280226462887055
0.2400046355117534
0.001525588598927921
-0.5469599011238653
-0.9655667168814437
-0.04830280911392845
0.14673443671662978
0.8101003730030848
0.3795583952046716
-0.21102848406450803
-0.27889438100985
-1.0454920301470207
-1.157032942223046
0.05393381411303149
-0.05003023640381429
0.550212851689276
0.20681508886686195
-0.29908148544078084
-0.05166275089643934
-1.243184379129957
-0.6931196379970137
-0.3503008121003217
0.18038412683981284
0.29959652026302896
0.3439421554172175
-0.20540736575883015
-0.28657897702047075
-2.0107406593292603
-0.44476289500186333
-0.14639457592314462
-0.09961704445159601
0.49325473506369016
-0.10849901158336192
0.18944254425667692
-0.5940893969735852
-2.0285853819808706
-1.1919185839370128
-0.15186992680206718
0.15937014892124374
0.033862688229567006
0.3884159409164283
0.1847101853249373
-0.6796301506576856
-1.6139013083966034
-1.0918863217626624
-0.6301596242653658
0.14083345509675854
0.22944828643254436
0.112650527456692
0.019103476834736035
-0.3528070888686302
0.2858596263784173
0.17682709024142945
-0.02416883804754315
-0.1301898074521679
-0.24477580345280997
-0.6100692977730403
0.09884335671655159
0.2803179301933855
0.14925764675232983
0.18369382342629229
-0.2048543291476034
0.08353866178854892
-0.4464380021468277
0.033233597291402454
-0.11859928330447556
0.0811077289546957
0.40933116146854853
0.1718500091549415
0.12479594500966655
-0.22822442704224566
-0.15125214444555204
-0.013364479932690075
0.39203754001647867
0.0843844549775331
0.44430529670385194
0.29575700906399727
0.018441013352465046
0.08348869805273051
-0.3122067350237385
-0.05312021891501323
0.13509223348592542
0.4605639281407153
0.23940873999729156
0.3257610561457415
0.20938012934142763
0.015341865869570731
0.15439044900316598
-0.1402748167645136
-0.0733317753993952
0.1323397497152638
0.3819852668195906
0.37483315137949624
0.4004565099651993
0.1179525722479283
0.4830088490287231
-0.15139369476920983
0.11150765813887746
0.0450307377106502
-0.004525958670769924
-0.0733781024779566
0.02228722457796383
0.3321176931903675
0.7525692545585418
0.5604739366425159
-0.1359538531167778
-0.4235962907917897
-0.6433606673656523
-0.8219267077895733
0.08493512945032729
0.3761180337013153
1.005736339813973
0.6535878932740483
0.008769882036357295
-0.35016406094686225
-1.2484541454751343
-0.7405756173987595
-0.8097967158260854
0.03877413673258537
1.4461883186541336
0.6519891298037639
-0.02935963377042571
-0.34875284213773955
-0.5011880733941204
-0.6019896183468605
-0.021752741550298747
0.09788362228704257
0.3571504779883442
0.2655148846590652
0.2532092656911387
0.031084616152116315
0.1245895352435569
0.023010283378168538
-0.0654657680264639
-0.006006466437280472
0.02344688922904073
0.041257579645000195
-0.12368447682794756
0.12271387451501464
0.16734807812488417
-0.0615599000783147
0.181529312332946
0.03433409184349702
-0.2874261098436029
0.14553559332258614
-0.14290541833551704
0.11848641912728472
0.39438820154703613
0.008169493390859685
0.11071268068223376
0.061261116635110587
-0.3668430650647116
-0.34712829832144537
0.1352899437476758
0.10429214466767772
0.29410074916533346
0.43727805284119803
0.0657898220500097
-0.056188819435965286
-0.4164044642708601
0.05262775061158843
0.16826338663886786
0.45311235586323645
0.23979988974879998
0.12169384787503804
0.3722977246975562
0.030459003822166462
-0.30636716170342704
0.028377533757615776
0.5974323638185851
0.2488650541930225
0.39233260430315664
0.6915489773067145
0.07261878970488138
0.07832260530887848
-0.44572151020340556
0.12762565647040747
0.4415786383750746
0.9182995755088013
1.1378936406149334
1.1142697232136463
1.2590026244877446
0.48920242579563983
-0.084369651936763
0.26017738066473106
0.43724457020033125
0.6931247097132542
0.6029987567484135
0.6285269756702331
0.5110473721478952
0.5252095107824374
0.2932459326736521
0.6506756918732006
0.313225491492078
0.4880292682957323
0.6758202579554875
0.36825523028223545
0.7985645237416642
0.6043747459935411
0.3018686133794142
0.521839576989471
0.8109618258926871
0.43410279513413896
0.7464571135875543
0.4042100784059823
0.33405561918704685
0.40330892813537383
0.653549142567455
0.14660309343678093
0.055350914134703215
0.45526570445719255
0.2019833476602864
-0.0190216679854077
0.543602461185396
0.47159725121874446
0.495806420729193
0.09558269947443447
0.36575545657605124
0.08915668311667234
0.11721234620114816
0.17269741264288913
0.31646838115700904
0.601385671226624
0.738750088660016
-0.1324060530682771
0.08405275906104952
0.43591082827459576
0.26283735815782433
-0.14614356799051595
0.30042335529961256
0.3351005253891343
0.6660037909596184
-0.15737546317064882
0.17594220003685476
0.473410850135187
0.119783441993697
0.08992868203719072
0.05800815582376321
0.1776781496500712
0.05702847342442152
0.17075393924993865
0.19767174938372972
0.13069045802217183
0.09422651152427426
-0.02543190714226339
-0.30400418186860645
-0.23610458322482533
-0.1073352126472726
-0.28232973145040247
0.21502582501701561
-0.07475583321329804
-0.011963952438744593
-0.09880748992856947
-0.4080890148191014
-0.7345913820194416
-0.7881417944451872
-0.0842657099830553
-0.020347584958570968
0.03989390874392476
-0.03987242616784556
-0.2516325763126128
-0.4944979005756253
-1.035079087903153
-0.9394012500082609
-0.34552919762740336
-0.13372789900763776
-0.16662774181610548
-0.4145447391197719
-0.4371827303507034
-0.6003059567815913
-0.7757704650922238
-0.8609866426907478
-0.2332965480367514
-0.2572142202490899
-0.5046552349672276
-0.23250288685973527
-0.19264722006745644
-0.5659067414139712
-0.4099874849863621
-0.9070939883786517
-0.5570915894511419
-0.510890853639569
-0.25382494765283364
-0.26395127596148343
-0.29340067982480894
-0.9956251729665264
-0.38100346082254993
-0.5562825460559795
-0.114647532306894
-0.5869349064767607
-0.31293013596688735
-0.2971539819779577
-0.6275843774447403
-0.11633158896722086
-0.7685775322256332
-0.26611268713701064
-0.38435340129732287
-0.5617993552595528
-0.5337779889616829
-0.5494302530260348
-0.4693869489657962
-0.5364726294560568
-1.2002485088560966
-0.5033716897980098
-0.06414429002992106
-0.10045589926611989
0.6331905305695457
0.3861692031630728
0.3030511256321269
0.36148468819149104
0.3788584420501054
0.1377871750688078
0.06438352587279565
0.2020043599634401
0.5480221675053755
0.3401653887417709
0.6111127945471239
0.2586078550650894
0.6212831009747216
0.30040691284499454
0.2245640773903879
0.48569675305852766
0.4295969792340022
0.5462125353098349
0.41082172302505876
0.1571034958027513
0.5472270592494849
0.003918441663685127
0.5020844552496044
0.40130538113566444
0.3830770144784765
0.38776618749233466
0.29716925836835534
0.3680013581800717
0.07014915346266112
-0.05976983586946417
-0.00429148739708671
0.6378242316111407
0.5125323974033603
0.11524657338898896
0.533473871343628
0.05130326556042893
-0.027554140210080996
-0.6024367558251496
0.22318362124548757
0.28305445916655286
-0.06020156421948694
0.6295056047199087
0.1813884409000727
0.16797765055559552
-0.14875805975935477
-0.22808234040845196
0.06928352632041448
0.06886765198049753
-0.013976369425236656
0.22134101896232394
0.10959763707291266
0.019005308891134685
-0.13646768167318468
0.04959906391986828
-0.55205946389172
-0.3250716192148459
-0.01969172089201557
-0.11971131745145759
0.33454351899951396
-0.394354491598466
-0.09366026653230278
0.36035417713072465
-0.5191288261936582
-0.04516646192328135
-0.22830594981470806
-0.13097487917050912
-0.36114188155302546
0.13262957154461535
0.13530784488421227
0.20606345322435313
-0.5433996538365468
-0.38868408782470565
-0.17591643877800656
0.18006932733910447
-0.08631739495562496
0.1612285126122162
0.25054702215526786
0.005361837334577238
-0.13950463452454112
-0.3899940160797939
-0.4853817217929063
-0.09660606575017312
0.10484893234420388
0.11376218888167729
0.17973703732156246
-0.3469110141548284
-0.19777878144508895
-0.12514811874722503
-0.04259903996617104
-0.23456116329937912
-0.10883686958816244
0.02240093994592339
0.15557076198750133
-0.23219386252380186
0.037636606268340145
-0.3644687250394394
-0.10939913617622235
-0.13203291488205163
-0.016626190984157792
-0.14184171624920808
-0.7874404728934293
0.3750577004621766
-0.3626868742369801
-0.22748837996586188
-0.21708593592529057
-0.0826220194450217
-0.37526855915386387
-0.0320090009528172
-0.06461411294103013
0.16560778821107894
-0.24302724972443984
-0.18553381141511038
-0.15827465066395277
-0.05627260773213958
0.08547450925982603
-0.5775498226054312
-0.24868263252354542
0.18763117700363602
-0.16265184202249877
-0.13685156212172592
-0.2047035899702207
-0.14390891882720055
-0.24280730515803653
-0.2867816752800108
-0.1910904645730932
0.020982380368890555
0.6140782341608477
0.09487517454673834
0.013163727499348452
0.45559089557591603
0.7445410322073839
0.4716290614271309
0.448036789613543
0.5977109569782372
0.22337520398820182
-0.08511302100177905
-0.2968947860118182
0.051024143353451505
0.4156527496987185
0.3555573646235721
0.2064136364260699
-0.08127080611505216
0.5702679177278482
0.6358730958995763
-0.057648764561235334
0.06390408183108354
0.3227648997324269
0.22190589717145673
0.23421367517067893
-0.13350760547216411
-0.10884246643784107
0.3409179158358497
0.6860580513896791
0.19167554467381773
0.448501286650318
0.30419429843981977
-0.08999629411512435
-0.011437594253344386
0.3938862296736483
0.07519604866608748
0.1424821628832683
0.3707235096603103
0.4178484507689727
0.3493846082396549
0.08340273093978501
0.32946972442372585
0.4399843523230687
0.45956349894617815
0.14840706140094148
0.005550480528178926
-0.0017463221827463855
0.16391833775663625
0.30429677755377094
0.11310064476726431
0.7685066011527469
0.4317866462203262
0.2628182455198603
-0.15374351034637565
-0.20080956223516536
-0.40032541112867737
-0.6489585244852469
0.43106767078280706
0.706130031690902
0.8302986579862941
0.2366009644655681
0.053488922253472515
-0.5588909913699902
-0.3810627742679336
-1.110440245044296
-0.9781050313444205
0.7129036927392601
0.8134849369915685
0.5851629860020726
-0.06537165791381781
0.07994823392958171
-0.7015347656867987
-1.2787805363705331
-1.371911581344157
0.24545077838164273
0.6650466509151554
0.48032374392848204
0.16509934534738246
-0.16025624207155392
-0.3486654529542688
-0.9299896076351034
-1.480138259143276
0.566869150064176
0.1500950844957826
0.3169026098477422
0.039622707858933924
0.028052169280417122
-0.15289106095136967
-0.9243541425257523
-1.8940041879787597
0.012835671751906917
0.0831416409586379
-0.1699482179049051
-0.0007734274589459166
-0.01640389140282458
-0.7570422267426825
-0.6070018543330915
-1.7739790524828258
-0.15020024882661492
-0.4145044280783848
-0.23871756437175695
-0.11705098010989985
-0.10167687109747957
-0.45743943140022203
-0.8690468944294727
-0.9101884769983406
-0.22393241820470994
-0.2738431496111616
-0.17343236155294978
-0.09056428934929463
-0.14652414359265176
-0.3002764149722677
-1.0586458948082533
-1.0179519524678926
-0.4283324348507131
-0.23481307662760117
-0.33368954849004534
-0.3221409008413217
-0.09188102860031899
-0.12841639388150888
-0.4649618110926433
-0.9434832718829778
-0.22936052135970147
-0.4593160975599602
-0.6686671258783212
-0.2786643171135415
-0.6669791893027951
-0.06551556113010486
-0.4198586029066682
-1.038428525706216
-0.5399519537458191
-0.16098973803295405
-0.019165063542289314
0.31907928183591544
0.46176773774488045
0.34016370839491805
0.2692601865817161
0.3362282188392387
0.0254994596061481
0.1312620871789269
-0.012870991996280163
0.17993148825225577
0.06231585772324187
-0.049886200370557916
0.20014460388576574
0.5384260489241999
-0.4487392695854139
-0.09062549079165627
0.17888757074583717
0.2925783328998721
0.10646055932661905
0.1137161541201047
-0.01072642821134624
0.2966106022757671
0.3323275230336366
0.13664386216144783
0.19511256994379048
0.13206804614533627
0.1943289538410092
-0.05862619771877049
0.15141776707749272
0.3593605953130954
0.15449340358458405
0.3524660691870333
0.3947921383573828
0.29636521236992774
0.01140789597097792
-0.15605401091821897
0.16103512173619172
0.32555235238954905
0.1528133891588976
0.5590839139792607
0.3006355155743625
-0.04594849654255602
-0.21806237633731354
-0.21046352450635322
-0.9379462306036234
-1.0005577421820944
0.42424800114387334
0.3266402496227675
0.22573268651249473
-0.27157683725390935
-0.16430792589157034
-0.37309636027129234
-0.5867508572245883
-1.8359951167519455
0.10318779379980957
-0.19406566605781267
0.18172329019741268
0.23203152544424735
-0.42899293095595076
-0.04543962155501721
-0.5370128026904377
0.057721681836129385
-1.1112598084258267
-0.5724649204235644
0.08809674713692295
-0.2687434757091184
0.20596328435031275
0.1773630634878187
0.5048671125800677
0.9211730171462862
-1.519385699697068
-0.7421961040178194
-0.7382852267725013
-0.4179959327216459
-0.20616792602301598
0.22884777602295944
0.7930027734373272
1.0324990872292032
-1.3621808411423197
-0.6828174707249904
-0.622316803853833
-0.5745673718279667
0.2037189556032461
0.9152714204401787
0.6965447183018026
0.9733265510247753
0.41542325297638866
-0.27138211128935297
-0.12888761462369366
0.05057810182313278
0.39808802920975245
0.1717383154531808
0.4766773926107802
1.074989795822134
0.1460487812584838
0.22655475049350665
0.06300445859768633
0.10711830354935878
0.23754619131897728
0.14754675906366832
0.2513868705250253
0.08013486092024245
0.26301908866723256
0.31479036358437573
0.1330304235766521
0.4174945641148631
-0.35975615911378284
0.27810866229530146
0.004633878296685223
-0.038030719652409506
-0.15723671939976888
0.3467391300927199
0.14425480801065763
0.09832627969229234
0.2539072393342262
-0.33822336036757994
0.08996713289979613
0.1314089110397278
0.9291640508424363
0.06865138664934564
0.35846459248529455
0.37885991251680146
-0.027083058297812185
-0.3508496670987704
-0.3451537833974959
-0.4267976551566812
0.31562015720006725
-0.16120409530512358
-0.3086942182916937
-0.5708105572155473
-0.33570694761150804
0.32959236439852435
-0.020482087166118802
0.8306673393970513
0.19145258998178666
-0.30354983150434506
-0.038502856381138276
0.3221228880805122
0.259946853602937
-0.041286243539190255
0.10351094137202137
0.06119706308339646
-0.08556525568783394
-0.27974246495852356
0.2712101455302836
0.35973271548232105
0.3365641848384111
0.10393908566701618
0.299961437616061
-0.14191479096208848
-0.2814891848702538
0.005364222542930094
-0.008686088684524373
0.2911923775538927
0.4290596169058476
0.255684833003115
0.022789227907584125
-0.3607343334436309
-0.24209063554532773
0.07862761972458339
0.42608839926000835
0.6169022689560129
-0.13775193970849395
0.3460174287457659
0.3587093866710107
-0.2641172971238394
0.09409474145817387
-0.12966193902798573
0.22155494819493554
0.2856760141647986
0.551583028618674
0.22519328379627518
0.24535221880081168
-0.15199402983670715
-0.21854170587445626
0.2376144570724198
0.09978433082154818
0.20680450459610747
0.0811587527819904
0.16955755658732127
0.4855810245182033
0.32540109015035373
0.0025703859959147605
-0.23943777052687568
0.15191430175093146
0.19401065398739242
0.20333893383568996
0.2858451711047389
0.024275003160111754
0.2830515120786683
-0.07136355933855687
0.2826880954593712
0.1315303205314249
0.18727394519953605
0.15987960361376385
0.3238984118888606
0.17664738886668455
-0.015400338834455081
-0.4082425680656916
0.03252136220661566
0.4417416416429993
-0.11596430684288031
0.2488258506672941
0.05705164981972685
-0.09372530287489865
-0.4740394614179295
-0.6139863848582363
-0.1820270585930255
-0.2655178336441891
0.0494705787168623
-0.10749907564333593
-0.1202715727484679
-0.18730217767105048
-0.9945209033017864
-0.8089433269750056
-0.42224930759911655
-0.07228072891796172
0.19819758398492524
0.032315449351525194
-0.15621616443480477
-0.241038280987564
-0.31382272428265484
-0.589017466625777
-0.2835747429196781
-0.24463467785539683
0.004031117916873537
0.06731235114704069
0.06097480327350917
-0.21227046178221565
0.08634637180241297
-0.9322367060655907
-0.5503586151000629
0.06579682392082001
0.21038789664679328
0.31225976080480383
0.14667730604792398
-0.11426886066070749
0.31671195868732366
-0.5179288003071327
-0.22255046340832996
-0.40532360871750245
0.1545968041366315
0.4414779537619086
-0.03150368548582411
0.15119265542426466
0.5436620687377481
-0.13954727774226394
-0.9633697424159879
-0.5508153866503681
0.20067140418530938
-0.20944592726249464
0.41386282315795014
0.5285542690599095
0.6075505572378547
-0.14479404416939778
-0.3389061310338105
-0.637404363913088
-0.9836694599306397
-0.9958147225589676
-0.3578010962973224
0.14330832996465015
-0.21566225111945558
-0.4207259377473235
-0.18111138120897669
-0.6414541511211208
-0.7985486910679508
-0.9466276971120007
-0.34616909393974554
-0.04662402093543573
-0.3813275236010403
-0.14561839014691844
0.05589506085696386
-0.7348129146212173
-0.8270495627602311
-0.7124240299656931
-0.27167741616872554
-0.21039295744101102
0.2441696168910291
-0.251956721847323
-0.10744884853814707
-0.574758314881433
-1.034939870646177
-0.3353269687676447
-0.43177354083108743
-0.12800532580507906
0.19894488273027647
0.12470985324518338
-0.25808900181878297
-0.5867223992956759
-0.8779186765678727
-0.33442586987845063
-0.07900049828396309
-0.27427418768508177
0.3286029765691316
0.38673985575947895
-0.4399937528916966
-0.40629315636802726
-0.730653930031926
-0.5003096446822217
0.023653642380796557
-0.03041820082838549
0.9508196399322707
0.7538992648336711
-0.06420861909967027
-0.9116723489713318
-0.574540516741471
0.20469912204759041
0.10161721690172781
0.44640375803336374
0.48478028107964394
0.42062757357348707
0.10703123737339951
-0.5764504318795101
-0.4323174816055358
0.2141416418759944
0.34142941142802513
0.3986736206332892
0.2719829159322595
0.994237567095289
0.3256772579576426
-0.758125795919081
-0.04412746237670153
0.30001704597441525
0.7999639155461595
0.35289338265317305
0.35496638161325034
0.8081461972327689
-0.04741190080665786
-0.021844414702728042
-0.3711387236363323
0.21274712555169417
0.5102037783570604
0.8325235786416381
0.34197109011557625
-0.12581958099652274
0.24200078960967653
0.33645672009511646
0.13485281795708054
-0.0249972509899963
0.28017498924962536
0.6073271378940552
0.5290474161632256
0.028037794031504148
-0.2476139302461157
0.22181019202240126
-0.15307675015578687
0.32913902455061433
0.2305253117535838
0.5697126768785745
0.23080934129463998
-0.1828138383406414
0.15750333970149538
0.37292498760333376
-0.1734948068462921
0.04955764036474838
0.5925783770700351
0.3194650869060086
0.30388407798822176
0.11197883113095113
0.16954679391556127
-0.12294211308262729
0.4204834958193612
-0.05290682732641153
0.26842892245563144
0.6675980055568367
-0.1899795113893563
-0.5741115172224047
0.13556949716235941
0.03846590139020838
-0.01539937641318758
0.2797311085264723
-0.08434423740083735
0.3186305198266433
-0.19044404805872808
0.10108931116180489
-0.1283760994187338
-0.07091727416381681
0.5733534400497121
0.7162331602890925
0.41533459362652
-0.46232418616343707
-0.08312280007960758
-0.24351922579282803
-0.13435214989485342
-0.636305764379448
-0.6029913079802616
-0.6735091685761089
-0.20031582644161988
0.45409927678819517
0.4076703566782787
0.20930180619176356
-0.22094559658693128
-0.6836392645461582
-0.5078222954377578
-0.954654799366008
-0.013479546638473111
-0.14484314523088818
0.49023071314893374
-0.13592145076165515
0.19280678851391367
-0.1953753974438608
-0.9324576506905728
-0.7138907626941731
-0.322348984439885
0.49771036976473026
0.8779301913683553
-0.20384592273966123
-0.309064015647051
-0.1374445616095369
-1.0386451148007023
-0.49018127075522355
0.010523957775355544
0.4881007440457175
0.5606468142096994
0.31839428678924403
0.08694942080934664
-0.2202997044391494
-1.1387155538784117
-0.41292224807164796
-0.16691463014900013
0.1893872562726833
0.7137104802510991
0.7547331031095027
-0.11349341824920427
-0.35548340714161236
-0.5189625303238042
-0.45930835375842693
0.06704754944157157
0.15996484687348334
0.6463559539766747
0.8045315857431711
0.24615977557097074
-0.3482491918830595
-0.46342781547167977
-0.49856955879369125
-0.2631196118165999
0.4695842693151629
0.32096843202359066
0.4505485141235445
-0.07461596710846098
-0.04466544988941118
-0.39108903086785607
-0.6790161077200946
0.17751965967931718
0.18682027068922277
0.16138759988831125
0.05378736034470028
-0.3968760085946147
0.05536026093889551
0.059386515501230225
-0.31773343371172663
-0.2695296050000878
-0.12005501187183326
0.04916100050135861
-0.0634534673149285
0.2031724963208475
-0.09062481729954786
0.2776425770329424
0.09113753185090447
-0.16587485064922236
-0.029032994861867834
-0.3474840113138338
-0.3366673355832992
-0.23188651192248858
0.30367057102165074
0.46852647828310556
0.04850677051796939
0.16838451703780777
0.12940244797186307
-0.24816847944176804
-0.6154517090332248
0.15601979703306382
0.21177220628071597
0.37677402331926535
0.30563276937086753
0.16906861561420997
-0.1915053656561535
-0.21651520889829068
-0.5754417405334475
-0.16584192707195775
0.19719560586226043
0.09106765482275936
0.030545891513857483
0.2450667378335404
0.13195943493526927
-0.45230993733439545
0.2322443967615417
-0.28601404287868054
0.042391191768651665
0.3499182189320241
0.03768210301706628
0.15155528100217316
0.31543513696994885
-0.4551957941236509
-0.4021958980278297
-0.22494052826451635
0.08766953188490523
0.15339908114743747
0.3457176175848901
-0.04770600707419378
0.03063222836057227
0.18484082030574062
-0.6748015876446347
-0.2955669100828663
-0.24634953018356112
0.03713476472728825
0.5752409941136315
-0.2673243885051873
-0.10040430398061703
-0.3518606388013756
-0.08800163272469101
-0.1257060644263318
-0.15091257098667965
-0.19771362300856288
-0.1902956140077357
-0.2115934882893552
-0.17759729004252894
-0.24179891499489428
0.05178757149789999
-0.1955933432225122
-0.17630202543591567
-0.1720952763244891
-0.15909626460291787
-0.19731483247936654
-0.19347419640950356
-0.2188161801126748
-0.1185518770502229
-0.33440638356979796
-0.33598440720501765
-0.3690562248556285
-0.3276003750144991
-0.14184572595424527
-0.34338191160843373
-0.1777518532197352
0.022645729119822478
-0.5967232022591046
-0.2667415849594762
-0.35491553289482347
-0.3652132531667859
-0.593408876151284
-0.3901485916975993
0.20634411791142626
-0.049024542339718064
-0.875606763238603
-0.31862054589280175
-0.3238318391918627
-1.1300965403928933
-0.611619439053498
-0.4482535777591699
0.42483223542959603
0.09393001393035011
-0.6837542880193669
-0.6655631682595518
-0.574261322358577
-0.35385795503808387
-0.9260873702180639
-0.3137794276736333
0.9701961521076558
0.22920252480075737
-0.9052793893674594
-0.43126213285081894
-0.2782786430396424
-0.17720819873823038
-0.7043965267931431
0.12824499143636453
1.621078097033746
0.5213984586064735
-0.4071106900376743
-0.11445634626322163
0.4545194931492625
0.3727859408062747
-0.4617073874609879
-0.30430979663383156
1.1605293373002477
0.1653357420517941
0.10999787856003157
0.4288796536588968
0.5485101934884314
0.5473973604611383
0.3608602313147455
0.04326668502850765
0.22569587513548442
0.4050941292460326
-0.031196445752166107
0.4956145971762454
0.7340241978372938
0.22951580322023518
0.2869583373274736
0.02419919314454023
-0.010280639376856842
-0.3535060194341696
0.12332872261151968
0.4876670579956747
0.45055908934505395
-0.06339689695925707
0.1937595444936923
0.15936499630749154
-0.12201171756886624
-0.11422582318019751
0.20431797585201658
-0.17272100644952748
-0.13917410150900666
-0.2333950378447746
0.161049779646179
0.34179355475663975
0.07621020966907825
-0.24753717871936584
0.21412489231584103
0.0985899016056912
-0.06287545203024382
-0.014351069108178462
-0.25143074265320564
0.03293748296964604
-0.47683623381255075
-0.14203777943449153
0.27828410100822026
-0.2755465643882304
-0.4257387392177736
-0.3766278293907432
-0.24983999159352147
-0.28205007631426476
-0.5006370539434487
0.150520238525583
-0.11197392919061998
-0.29776599441849827
-0.28531338025749664
-0.24853304711585772
-0.23356974835348243
-0.21352327369210136
-0.18141473563665653
-0.16247947725372555
-0.1685821814639248
-0.1823249653948174
-0.1724310403821966
-0.1744683357119975
-0.16442922238602983
-0.16809750433466245
-0.0821479801706261
-0.05271016595446073
-0.15272725044134308
-0.25061408169802657
-0.32299113305138083
-0.18443867510548126
-0.21951584374322852
-0.10095146396424722
0.031786902233812094
0.39419275624908856
-0.4042518689376675
-0.27431284051728727
-0.07372956958669769
-0.00519607713599922
-0.05560747679414345
-0.08907283962499093
-0.19188888091598766
0.2840556565012819
0.10795975694020953
-0.1389306964482584
-0.2378437160502551
0.029923832218976522
0.21432370980447343
-0.06726801300497334
0.20723919815912745
0.4273036626494307
0.3816243514014853
0.21173692858089363
0.14249974362779452
-0.2880060176577975
0.2535632672865039
0.43046064139833173
-0.34567035773300564
0.2985902999961509
0.3251919365332647
0.0013898540084472482
0.03744080819975982
0.024619838295653278
0.06843669325995144
0.7015599682957042
-0.18938242984617143
0.1444782774475084
0.43570899168447524
0.06987143271785802
-0.013472906513781148
0.2806264290087537
0.014312717856200011
0.054611089126798885
-0.5488864334702447
-0.2876551378271322
0.2516970972208331
0.2537556510074638
0.4575373169310313
0.23503122309963764
0.24429563688350786
-0.14633032971904786
-0.8610733013508229
-1.2992462001175553
-0.0798282116072071
0.7818476593559807
0.43929222711518173
0.22896874276082782
0.10801124214260031
-0.2703202493833855
-0.33509317330156263
-1.3312795975862792
-0.2362332774008894
0.24151228810170244
0.7345467653568551
0.3716407296234945
0.40607501345009
-0.05565208316199455
-0.5793145774916327
-0.6390183294485696
-0.05718082068147417
0.2101615287921526
0.3730002905206168
0.37583360832953233
0.28159360930922894
0.13304274002339123
-0.1556035932110909
0.38307279751576157
-0.07542849438646623
-0.30643266667824
-0.16536922081113728
-0.23398962023651745
-0.03019335115977568
-0.1104485376351916
0.4874459324197137
0.2644926181759401
-0.15252443865458679
-0.2912670935126128
-0.6240131623847284
-0.08005326640900094
0.007728914074616162
0.16990519010077526
-0.19661476371749462
0.5875795190477732
-0.1206262254163385
-0.356702100431914
-0.2074354315196082
-0.6493169813230389
-0.35179436246402834
-0.22088849268533306
0.04456232478680979
-0.060315050801680516
-0.05007485476430878
-0.25000687030362634
-0.031572635491634644
-0.4992235355097662
-0.04615876509282935
-0.06589556770450399
0.15296117788054697
-0.2789843669233794
-0.20265287806261828
-0.3479772642372385
-0.15376031018184919
-0.28195612190026026
-0.3105608243957233
-0.12680535978683732
0.413224603361627
-0.1765219926417304
-0.031057964088467716
-0.26564509906822553
-0.15589399327603035
-0.49396095577954013
-0.6474965003261139
-0.0906087855548343
-0.3289555933861385
0.6623804800069416
0.18200307983233316
-0.09467276025930371
-0.2454875718255719
-0.46064009745662143
-0.06084437141434725
0.4929618615841031
0.19850969258546716
0.6465545017264185
0.756324794285403
0.5022475054749276
0.1375584983136822
0.25118292549448296
0.08332636110137824
0.2354850785277072
0.49515352529470996
0.3899160416405112
0.3902779370078959
0.49222364140351366
0.1635583167732103
-0.008989295496300908
0.4255373258815514
0.3578708695846812
0.1750065575061162
0.7153383347151837
0.3231783783595879
0.28805646352590475
0.8449194413894076
0.5522480114895019
0.3500696521195934
0.08821581229734386
0.5796047790606779
0.37442078030534665
0.4433914143900657
0.30204424772744703
0.3277678763315315
0.5479161840134924
0.7285604240898164
0.5013897622837445
0.16829481772174928
0.46514736767818415
0.09272206100513965
0.6094277700640792
0.2144185670063971
0.4655537779938589
0.5959031135045734
0.5932705443046242
0.32437914913065347
-0.3080960819720705
-0.2698629024657332
0.06615801194821158
0.04742975020391369
0.48187284218094933
0.7772947538082982
0.8406062374352787
0.5896815399930307
-1.2669046043878882
-0.24904286973726478
-0.2157300007728186
0.3531961250764446
0.4052270258631809
0.12816704955033065
0.30716318605565385
0.1845598892658076
-1.6126909756379693
-0.8401545450693403
-0.3671043322938946
-0.3905736856282676
0.006107109536790897
0.6364279965227887
-0.0912677837106379
0.07068427839530134
-0.8025687469371764
-1.1919404261978124
-0.20422932618494732
-0.06956159996210373
-0.15384732373570384
-0.23558938284386371
0.4451025390512045
0.3804476741398114
0.12434477765559365
-0.1172234024177819
-0.04516125527731304
-0.4968621871625146
-0.43192450108885927
-0.4598673729188845
0.1095099539848974
-0.035543087087883965
0.03266405009422292
-0.2516495880423805
-0.17769840213073176
-0.23574091755469756
-0.030913416615316068
-0.1404288352193496
-0.273311816210146
-0.012598455773228408
0.1998972447448545
0.06218805161871228
-0.39381692138196134
-0.15214554073895675
-0.3238818075445414
-0.3825645577762486
-0.07740706864054449
-0.12816468774964096
0.08363647125122488
-0.13126408314122368
0.1040398103861113
-0.17938668202771124
-0.1926721630014382
-0.1253744695521122
-0.2007909085553639
-0.3023254494376279
0.13103521961472514
0.010409633328529056
-0.2679726009059337
0.09462869337351149
0.002193336159714808
-0.40648280785330515
-0.24348547324248626
-0.4173512400319393
0.17476673312389315
0.06645040613015567
0.4679966782861209
0.1593740084499813
0.13579254483585237
-0.1949917229393864
0.06000135406645375
-0.05892135494155237
-0.06554168262453483
0.13731568024986318
-0.1260868328399719
-0.11625370858618983
-0.10203686794570796
-0.6064228589480523
-1.0269240135583713
-0.5168363494852188
0.5434179637180011
0.18260083140763753
0.11410923152185727
-0.23811389697798443
-0.08714804285501616
0.23057005670507
-0.09846724702644653
-0.4540028249264465
-0.17903443490383714
0.19895723737778823
0.16523744626217274
0.12663578395712868
0.24656493732869894
0.11474907971605369
0.07173822237375331
-0.357078828824763
0.19480258116528615
0.2122579491568565
0.050320869963844446
-0.06679726522125715
0.14362000211383405
-0.09259673639731734
-0.01793974958540488
-0.1969154077674079
0.2276614882411273
0.3195748529576768
0.3024001640160902
0.23962678342480082
0.09821363968067935
0.05976174965635778
0.08271439648863893
-0.08494091451914905
0.0541422837269749
0.06004504084434964
-0.12944182290383857
0.17178875389621454
0.018680586174937022
0.2685502644032148
0.1926512902067244
-0.06989765838955186
-0.3203703481886308
-0.16505890257094802
-0.2890160901233865
0.3639016286205076
0.5751077659115787
0.7052179657046662
0.16388674534413475
0.056968084850842614
-0.4215124828298985
-0.16671112568686092
0.15918716928925378
0.23026590399805794
0.28572286774731587
0.4755857147285474
0.08239529541846759
-0.18725520446590074
-0.6054032429411594
-0.1213366647336943
0.386148620089925
0.18894878545378269
0.04469982224467064
0.051298198862938654
-0.04352127220304355
-0.4513454128200832
-0.7867277542419003
-0.12964285168302225
0.06368747908016396
-0.046460716675566886
0.14324443517659385
-0.100548714375412
0.014540146171260624
0.14018956077254344
-0.2959062914007566
0.39370732226122507
0.08474983532149749
0.43750767279474095
-0.0356506941133606
0.011786111798452759
-0.03573538783307261
0.2568284614462237
-0.33271925867177066
0.05338726950239292
0.250325054900206
0.11071148999801776
0.10060577373769257
-0.3424207016534843
0.2921317065630776
0.20470054275058358
0.18832161880337514
-0.10493783485446628
-0.16044429802041751
-0.022057243737865412
-0.035289920059348334
0.30069943936331445
0.2361154318633057
0.45615177337000595
-0.12285370683905072
-0.09207004636011472
0.08717871516608935
0.0025630636421292304
0.07345283599586319
0.24443972590639923
0.2883318542235455
-0.06041619594628615
0.1767445624142319
0.023676958413211532
0.022758139942576184
-0.2679133053301018
-0.34098454999490924
-0.1377145020710475
-0.41317018603493644
0.11740958025604617
-0.09599542399807352
-0.0675047617106793
-0.17020211883460165
0.07606420599322855
0.17720854281689574
-0.26755920838842107
-0.48036719203641354
0.4549080057320497
-2.5686973978881995
-1.6019509722023417
1.4749879723883745
-1.701062831021638
-1.3386094641955515
-1.4418386063214819
-2.1451201153367827
0.924386193408536
2.248057009044845
-0.3336610154887475
0.5527303133378856
1.4863698394528857
0.5036723862032165
-0.646455833802839
-0.647552177586485
0.3284801830579743
-0.6300146927292937
1.9155502784922032
-1.5590859891098545
0.8522855699320934
-0.5477901085126725
-0.9260829953853911
0.9033842127509455
-0.9277723403956216
-1.689737936933638
0.6038787071076493
2.473015785123069
1.4031068888422686
-0.6225109280929277
-0.7494020629494919
-1.5348679727694674
-0.46076573522185055
-0.9250765444927939
-0.6132859804344089
-0.23129241493070243
-0.06883581105941546
-0.6255817757965499
-0.35118780284758006
1.522562777750447
-1.1265311431998815
0.9975929292112354
-0.6230731673317454
-0.09520645818831973
2.160217152183508
-0.6362240028890928
-0.4601069444487022
-1.1513972250102835
-0.1979367207347881
-0.3434113219933517
-0.27299004454847536
-0.5962947867912124
-0.41808635612588657
2.0933589537085213
-0.8415694662737043
1.8752729771269219
-0.7811069467127567
1.3677561746181912
-0.6720721690300203
-1.2215599614532342
-0.622039325351292
3.941837774040284
-0.17439618478748448
-0.6916870551952594
2.6363981173649584
-0.834984329305113
1.9783214296835325
-1.2485200191002193
-1.038103697358471
-0.1685690270699466
-0.9374881384409014
-0.5964151202616402
-0.6498283253850434
-1.2672711356307624
-0.26653430365597525
-0.36409129405274687
-0.2625297123212979
-0.5110362939089446
-0.5878847439275959
1.235188764403362
-0.6057919601741173
-0.7230744404016156
1.5021310862773878
1.9456739070954432
-0.6373723549742665
-0.9481173781690658
-0.48404492104798186
2.930039591010822
-0.10008377080411301
-0.48034968504053205
-0.5758587565144871
-0.7946009366700364
2.0971088621561647
-1.1307394825036248
-0.5849956951774469
-0.20712645247544537
-0.5681765960696558
-0.5832165351568609
-0.6880880981605085
-0.8360254576245796
-0.19324427502846797
-0.247486877027472
-0.33987185865831576
-0.7751122753498156
-0.7185291062930411
-2.4980053769483135
-1.8040813688853063
0.24632713713844673
-0.39968330114579426
-1.4686255347830988
0.6893614897671044
-1.0087126041465198
0.1494127562496099
0.862395386024915
1.6789349416840764
0.9783582607623503
2.3708202070845985
0.04019198382610168
0.14194290095486484
-2.5120275987484986
-0.19977657145712013
-0.7266112445794797
-0.16867517084848974
-0.28108115914840387
1.6765907432794396
-0.9197828539889239
2.5093449261928824
-1.188443424857596
-1.0915814771638557
-1.955000957448204
0.1667985079674668
1.5447379808259223
-0.5424899665331094
-0.4596816901291918
-0.5811426208820032
-1.2722859540295601
2.429280622904151
-1.1574699158970847
-0.48976607215800766
3.731045301876664
-0.03774818417007333
-0.44061822292739844
-0.34117413794501583
1.4040880528727688
-0.8282950629431486
-0.888563240315948
-0.6829378760296945
-0.14959227405145475
-0.5659881396473114
1.681653410081479
2.172555240807642
1.777406583450835
-0.23124520603795212
-0.2808551368643899
-0.3030424678605642
-0.901691570940719
-0.42343139182768946
-1.2014089130856964
-0.6600920365241306
-0.5583874888842978
1.1713259517724066
-1.5017481530733672
-0.5402125796989758
0.9839019362906029
-0.751995207015164
2.155876391183166
-0.12418067503167014
-0.4643173727925884
-0.6073376362686428
-0.7017402366827344
3.3493492185511022
1.2289463598054116
-0.7642091714720766
-0.19912292990085054
-0.4880410204567702
-1.0899468402126828
-0.7157658990431125
1.5543234843361384
-0.26070931784821877
-0.36955978745048945
-0.29978254306629754
-0.9146357394059399
-0.7846132164044282
-1.3256127818555743
-0.758817743922428
2.087517131554037
-0.597027879240031
-1.4279374762360877
-0.6109513945616242
1.1035587821527335
-0.34226606877436905
-0.27670645218606943
-0.054082258547453264
-0.5401931478243014
-0.36361863473462347
-0.6826776004939468
-1.060712115846969
-1.159210043495986
2.7501858082365187
-0.1294118393813377
-0.9721476668693864
1.9641334433012105
2.025228973204804
-0.8952950341849021
-0.23704217283020512
-0.21095094499875247
-0.3145429153127705
-1.0065983925655766
-0.5500090332972773
-1.2649313740258312
1.2853746474644356
1.4249948330377937
1.7269188305725498
-1.5610840918024393
2.80860359009644
0.5979627927538053
1.7335101933482104
2.6209465791349023
-0.09647723792699262
2.711055932975906
4.323108769805941
0.7549972713224207
2.3550331351209555
0.7988817097493288
-0.8692537308180333
-0.27152782539702575
3.452147115948395
-0.870638247021519
3.872546610647387
1.3539575772246528
2.6342894221550384
-0.4352083711214535
2.8815793694406717
-1.0512222280809882
2.632554866681094
-0.2857189648451881
-0.20481954660739743
-0.13200758699901324
-0.1900100515320163
1.8698590605103598
-0.14259320499302117
-0.26431588882284346
-0.0634091292494146
-0.053404272451360944
-0.01052641590991732
-0.06459903565074672
-0.0477951323358357
-0.171494482187584
-0.37721505233643154
2.252929642460331
-0.1699178608229037
-0.018407777360438072
-0.1014585274121366
-0.12495116687961803
-0.1112700878599845
-0.21251446342717573
-0.02283074866266874
-0.04700360618483389
-0.09206713101461782
-0.11261107356324751
-0.11060647681175857
1.0486145056823089
-0.8203533424218967
1.9652254206306734
-0.9187422219507175
0.492277614059535
-0.47423253833569196
-1.2367510806304511
-0.5065556705277515
-0.3845426706640942
-0.07720123588856907
-0.7810388221756871
-0.4202590720956494
-0.854001719223241
-1.2197094964891027
0.965845492159112
-0.7272284655700706
-0.17792252553174354
1.8451413351393262
-0.785165844038969
-0.6740297515742169
-0.9947965901283229
-0.4144053637451352
-0.31438695005052736
-0.35396642220857477
-0.7839926371828547
-0.6392492888730992
3.160460200438679
2.679802052699661
2.2790793859272562
-0.8588445329550911
0.2623310362163518
-0.658473105757594
0.6335429152791914
-0.5436209953928807
3.8371777753131657
-0.15747289201265496
-0.8158352205970753
3.201762282106956
-0.7166725332703223
-0.9901219457983448
1.3559758324911635
1.5564395599416117
-0.19417861241945408
-0.6889031418378525
1.7401714474146612
-0.6906519230530973
2.7734547809418344
-0.24760466598262051
2.4770972854589
-0.43760264407256244
1.9351543351224738
2.156123398924026
-1.525617904848369
-0.6646538188653057
-0.8361876111549881
-0.6874325015137686
0.4227651897021868
-0.5347295835109317
-1.4924385719233493
-0.7955890578723834
-0.36035149474029504
-0.060464159976140464
-0.7266902768549889
-0.5021164434561112
0.6794599448858123
-1.3703911234089947
1.3027117335173382
-0.9437066715296051
-0.24897365464477453
1.7483263819026191
-0.7745970878994033
-0.7605283909057222
0.7260280386152456
-0.43993271279300744
-0.8529509166718382
-0.522620635993286
0.9712993039849208
-0.6655095145557965
1.0633904142633355
-1.295046116458079
-1.5524514951760306
-1.4964327398267006
0.5514826646988908
-1.1010319239688064
-1.9803138355910093
-1.272852489885787
4.0817979878659605
-0.3563037149378132
0.5763551363431902
1.2100281928364756
-1.6259614602292027
0.15586069895237134
1.390770708451792
-1.7893162239392177
-0.4690039807131502
0.5537718381436181
-1.4022351655781253
-1.259262741275186
1.2118234062450808
-0.7207584433664386
-1.1032669655172638
-0.916689703476542
-1.4587586100369228
-1.2093436497786865
-1.9935091126393347
0.37438891374079725
1.4911722437573276
0.6071096754751599
-0.8842412931411726
1.384965680344322
-0.355911206726236
0.46007859189794115
2.3126445562605786
-0.21879784217498602
-1.1777376752152322
1.8704394818777552
-1.6462706518057884
0.3938216565492732
-0.5741265239247717
0.3874615341896838
-0.6306770167128121
1.8472563805478859
-1.419685781390436
-1.1842100004588603
-1.845272993863746
-0.8240710879102197
1.3322371067299945
-0.7010510339175098
-1.786657597672767
-0.9083075097357034
0.5607845981369876
-0.6312151839031813
-0.5836797908668884
-0.9473688507378454
-1.6832598165586805
-0.7934404174658516
-1.1925306734385204
-0.5964800353124288
-0.5085593762459926
-0.075776498908809
-0.5818482109240729
-0.4548911585277828
2.409521451962275
-1.5133963828578687
0.5804691254603349
0.987482173553119
-0.3066044994186534
-0.9153592789251441
-1.2188154419132773
-0.6452343699201701
-1.0255813523471236
-0.3222168250003299
-0.43217090907871897
2.4133668744377172
-1.2922290126903508
-0.6799600615500339
-0.6682610319891178
-0.32856537835138694
-0.3763475395479844
-0.5589894659190496
0.8300868621415483
-0.4158279444345271
-0.7808929477117381
-0.25395801775920746
-0.16282767468179143
-0.02141772441977904
-0.22307181580032193
-0.2592569570350598
-0.35705316448244995
1.8357431829791953
-0.5153145071344296
-0.3379954120582067
-0.12696069970355484
-0.36067695570719704
2.297858378604572
-0.5100319797137398
-0.4717420053401132
-0.14304392716492562
-0.1313023004142085
-0.18412664989916877
-0.5648676239807591
-0.3815739980994423
1.8040213427774392
1.3803246015903483
-0.8983657023514087
-1.2152688150434765
1.5290953898938169
-0.8210677808178529
0.5233536060658257
-0.6393727724985612
-0.6032671620148949
-0.1630090657309143
-0.8078893033406187
-0.5619596754839135
-1.2603165760969401
-1.3547179888131347
2.013203685318929
2.1953781485378503
-0.34590535786106325
1.4003992635519924
-1.226293370192117
1.5831608796356809
1.6048745957822752
-0.31788979703223724
-0.40721759138000796
-0.4350873647431924
-0.9794482523606864
-0.6888819087302744
-0.8939651490061367
-0.5233065967772489
-0.5224720321193898
-0.6423007953860818
2.0601490341076225
-0.3398090308326788
-0.8114836098875069
-0.47705883559293516
4.235676943488258
-0.07676847472655927
-0.42900754533036806
-0.45167279706541247
-0.5513206223415097
2.7953036690906465
-0.8653669714204504
-0.4033911670839928
-0.13476960285996217
-0.45896490682115315
1.926828211807178
-0.4026486472648138
2.6756764818621943
-0.1627715695568178
-0.32250820164305716
-0.21439095568665983
-0.4946138657748631
-0.356720506957167
3.2056933495585826
-0.8237172426382062
2.9975024747963257
-0.6712065467712284
1.6335389658717416
-0.42662909723077125
-1.122176954690739
2.415441268134919
3.3808415057832506
-0.06520133969295648
-0.4767188425279884
-0.3656858466936835
-0.5732730032769061
3.2517542126501096
-0.8624952544750826
-0.7353659154542512
-0.1061928603021484
2.2846583793888153
2.6207513369667796
1.9815992594808085
-0.7604669308245099
-0.1664935655646911
-0.2775308395650835
-0.32189922176609237
-0.6478976437376014
-0.5879115627068233
-1.8956195774179219
0.6029666846508194
-1.371068847424687
0.04571506644396558
-2.4513870828109012
1.3111700980884446
-2.4404909133211357
-0.9434959815935426
-0.830783938134305
2.6014901557587757
-0.8423260258870939
-0.8394608367559738
-1.3344623106817546
0.4490932487353358
0.8014363429176847
-1.2024271401491962
3.8865130938567813
-1.0764794355237792
-1.6171601258339738
-1.1707142529220247
-1.808452138529571
1.7923935020333306
-0.8417550412783417
-0.6106749520279242
-1.2833921671835686
-0.8929947604014463
-0.8466448383791357
-0.398676864358958
-0.4625100351220498
-0.6551495110980402
1.0974566784075743
-0.2427044966859638
-0.9070963817171542
-0.2528988449664111
3.0143080029939338
-0.15488629368436416
-0.31530898962322773
-0.2178474216061056
-0.429932980966078
1.6506078382496883
1.6675121292483879
-0.38384374871418525
-0.14510519630187857
-0.3261738506472368
-0.5456481876912447
-0.3923425154631659
1.2581902336180781
3.9290411662902436
-0.18038682999546418
-0.26524091616150314
-0.385258649064376
-0.25867036427031703
-0.9707662328157965
-0.4989292445338358
-0.3481794764875027
-0.4054141566568586
-1.1847603910493776
-0.2762477396038778
-0.9920757020356226
-0.21532040156399954
-0.20794680302832858
-0.030414429043939498
-0.30197132485101946
-0.2558242090376325
-0.5742844839079618
1.460919328678118
2.004582609526351
-0.2809125658565734
-0.0839742303835754
-0.4530580361800141
-0.37377358707377745
-0.34428500922668115
-0.8219316963380431
-0.12415891876460598
-0.2505155248996412
-0.1517647893709774
-0.41770307237745335
-0.2805831652455925
2.569776731936969
-0.19271961073950206
-0.37172442913938825
-0.2790673174975526
2.41966039012654
-0.14390783766662088
-0.5225081186538302
-0.14738259081039126
-0.11953828506405896
-0.008445527712374779
-0.23349648414761942
-0.13150049540579878
-0.22487789809601114
-0.399128222882154
-0.33720926535253404
-0.2552898316573039
-0.04621361742944804
-0.18901418186131264
-0.26308841175364106
-0.22879531568422176
-0.2776528792350775
-0.07499096954653929
-0.06190956891978996
-0.13355799574962757
-0.34193685564004556
-0.2799596694200244
-1.071637560473599
-0.4476825408617768
-0.4706297624894871
-0.7972790903520381
-1.3201308877151783
-0.39300280242448893
-1.052578615682277
2.50681712645397
-0.35642060320483837
-0.037659753229983994
-0.35054656124377886
5.111246543530669
-0.5861554911815368
-1.4610486747819877
-0.8739704576731766
-0.37787244685383375
-0.11865954714524708
-0.31610652842624043
-0.7272069995263807
2.6784122271365374
-0.7424582512091005
-0.23062996084466275
-0.19795706603642607
-0.28101186786154675
-0.9458300425482681
-0.764039364270453
-0.8652614180158025
-0.4762083880383926
-0.37254303674452294
-0.4729502647038553
-0.984159235023389
-0.22835359977423889
-0.8241307439777578
-0.3430906399533806
5.143283058893433
-0.030215649984650057
-0.3358273006045732
-0.3202487198890027
-0.5965489016472326
-0.7315642515194155
-0.7340024961200206
-0.4005656304236532
-0.08897087166404559
-0.3912302843385933
-0.4635131553438989
-0.3288372096802689
2.6577538238819565
-0.13954965899471788
-0.29476655803693147
-0.21555966204402804
-0.5213642602102311
4.09505698794523
